lifelong	request_id	repeat	duration_ms	duration_s	success	quality
1	0	1	16916.557	16.916557	False	0.488
1	0	2	17993.141	17.993141	True	0.803
1	1	1	10302.885	10.302885	False	0.499
1	1	2	16792.482	16.792482	False	0.366
1	1	3	15164.685	15.164685	False	0.415
1	1	4	18648.922	18.648922	False	0.383
1	1	5	19131.420	19.131420	False	0.434
1	1	6	19482.135	19.482135	False	0.494
1	2	1	15746.013	15.746013	False	0.399
1	2	2	17288.936	17.288936	False	0.395
1	2	3	3967.320	3.967320	False	0.133
1	2	4	20939.022	20.939022	False	0.456
1	2	5	2727.668	2.727668	False	0.133
1	2	6	2324.892	2.324892	False	0.133
1	2	7	20122.609	20.122609	False	0.434
1	2	8	18102.163	18.102163	False	0.361
1	2	9	16280.667	16.280667	False	0.428
1	3	1	19450.616	19.450616	False	0.46
1	3	2	12337.122	12.337122	False	0.133
1	3	3	7750.979	7.750979	False	0.477
1	3	4	11074.154	11.074154	False	0.133
1	3	5	17713.963	17.713963	False	0.491
1	3	6	23498.259	23.498259	False	0.434
1	3	7	2326.239	2.326239	False	0.477
1	3	8	2726.901	2.726901	False	0.477
1	3	9	14187.544	14.187544	False	0.133
1	3	10	19821.760	19.821760	False	0.451
1	4	1	12044.466	12.044466	False	0.133
1	4	2	14092.236	14.092236	False	0.449
1	4	3	16419.226	16.419226	False	0.382
1	4	4	16671.983	16.671983	False	0.133
1	4	5	2581.557	2.581557	False	0.133
1	4	6	20244.570	20.244570	False	0.422
1	4	7	41059.656	41.059656	False	0.608
1	4	8	30117.732	30.117732	False	0.532
1	4	9	15754.318	15.754318	False	0.405
1	4	10	12893.772	12.893772	False	0.133
1	4	11	11643.864	11.643864	False	0.133
1	4	12	17391.939	17.391939	False	0.443
1	5	1	16031.211	16.031211	False	0.45
1	5	2	10194.409	10.194409	False	0.133
1	5	3	12013.388	12.013388	False	0.133
1	5	4	11192.936	11.192936	False	0.133
1	5	5	22989.348	22.989348	False	0.448
1	5	6	16894.160	16.894160	False	0.428
1	6	1	17683.111	17.683111	False	0.446
1	6	2	19188.313	19.188313	False	0.408
1	6	3	1786.084	1.786084	False	0.446
1	6	4	17245.532	17.245532	True	0.73
1	7	1	17499.515	17.499515	False	0.416
1	7	2	13708.738	13.708738	False	0.49
1	7	3	18867.993	18.867993	False	0.401
1	7	4	17314.719	17.314719	False	0.406
1	7	5	4050.509	4.050509	False	0.133
1	7	6	13725.142	13.725142	False	0.133
1	7	7	13760.253	13.760253	False	0.133
1	8	1	20792.852	20.792852	False	0.427
1	8	2	16518.762	16.518762	False	0.429
1	8	3	14592.963	14.592963	False	0.446
1	8	4	6052.952	6.052952	False	0.133
1	8	5	1639.209	1.639209	False	0.133
1	8	6	17467.809	17.467809	False	0.387
1	8	7	18338.332	18.338332	False	0.37
1	8	8	20382.857	20.382857	False	0.418
1	9	1	23546.196	23.546196	False	0.133
1	9	2	2530.140	2.530140	False	0.133
1	9	3	13395.411	13.395411	False	0.133
1	9	4	17960.535	17.960535	False	0.403
1	9	5	2159.736	2.159736	False	0.133
1	9	6	3038.331	3.038331	False	0.133
1	9	7	16087.867	16.087867	False	0.133
1	9	8	9516.868	9.516868	False	0.133
1	10	1	13280.902	13.280902	False	0.133
1	10	2	22531.951	22.531951	False	0.494
1	10	3	14442.626	14.442626	False	0.133
1	10	4	20818.073	20.818073	False	0.461
1	10	5	26339.893	26.339893	False	0.504
1	10	6	27181.706	27.181706	False	0.133
1	10	7	7129.350	7.129350	False	0.567
1	10	8	14473.176	14.473176	False	0.133
1	10	9	16806.564	16.806564	False	0.133
1	10	10	14797.075	14.797075	False	0.448
1	10	11	13118.933	13.118933	True	0.758
1	11	1	14786.140	14.786140	False	0.413
1	11	2	6489.854	6.489854	False	0.602
1	11	3	20331.449	20.331449	True	0.779
1	12	1	16176.452	16.176452	False	0.378
1	12	2	8998.353	8.998353	True	0.932
1	13	1	11442.198	11.442198	False	0.133
1	13	2	22963.799	22.963799	False	0.405
1	13	3	8396.960	8.396960	False	0.366
1	13	4	18207.189	18.207189	False	0.395
1	13	5	3952.328	3.952328	False	0.366
1	13	6	18168.666	18.168666	False	0.363
1	13	7	19472.903	19.472903	False	0.44
1	13	8	13600.205	13.600205	False	0.438
1	13	9	10917.481	10.917481	False	0.366
1	13	10	15746.456	15.746456	False	0.491
1	13	11	22501.731	22.501731	False	0.389
1	13	12	13626.313	13.626313	False	0.366
1	13	13	18946.502	18.946502	False	0.4
1	13	14	18161.015	18.161015	False	0.411
1	13	15	9842.599	9.842599	False	0.366
1	14	1	17599.129	17.599129	False	0.496
1	14	2	19269.805	19.269805	True	0.761
1	15	1	3131.101	3.131101	False	0.133
1	15	2	11765.690	11.765690	False	0.133
1	15	3	3203.362	3.203362	False	0.133
1	15	4	14581.575	14.581575	False	0.133
1	16	1	16817.885	16.817885	False	0.403
1	16	2	2902.916	2.902916	False	0.133
1	16	3	12775.543	12.775543	False	0.133
1	16	4	12692.172	12.692172	False	0.133
1	16	5	12670.926	12.670926	False	0.416
1	16	6	15007.119	15.007119	False	0.359
1	16	7	19109.621	19.109621	False	0.441
1	16	8	3321.067	3.321067	False	0.133
1	16	9	17738.152	17.738152	False	0.43
1	16	10	1622.040	1.622040	False	0.133
1	16	11	11525.978	11.525978	False	0.445
1	16	12	2439.864	2.439864	False	0.133
1	17	1	14349.825	14.349825	False	0.133
1	17	2	2748.481	2.748481	False	0.133
1	17	3	4841.363	4.841363	False	0.133
1	17	4	2063.109	2.063109	False	0.133
1	18	1	17375.158	17.375158	False	0.133
1	18	2	19835.104	19.835104	False	0.423
1	18	3	2590.777	2.590777	False	0.133
1	18	4	3573.708	3.573708	False	0.133
1	18	5	9729.432	9.729432	False	0.133
1	18	6	8446.609	8.446609	False	0.133
1	19	1	4672.388	4.672388	False	0.133
1	19	2	10321.177	10.321177	False	0.133
1	19	3	2002.486	2.002486	False	0.133
1	19	4	15254.142	15.254142	False	0.133
1	20	1	15606.274	15.606274	False	0.385
1	20	2	3866.762	3.866762	False	0.133
1	20	3	2334.281	2.334281	False	0.133
1	20	4	2485.836	2.485836	False	0.133
1	20	5	2651.987	2.651987	False	0.133
1	21	1	10717.857	10.717857	False	0.133
1	21	2	18008.624	18.008624	False	0.434
1	21	3	20489.300	20.489300	False	0.519
1	21	4	18944.933	18.944933	False	0.495
1	21	5	2989.388	2.989388	False	0.133
1	21	6	2919.628	2.919628	False	0.133
1	21	7	13987.218	13.987218	False	0.526
1	21	8	20093.774	20.093774	False	0.356
1	22	1	17442.038	17.442038	False	0.534
1	22	2	16712.361	16.712361	False	0.566
1	22	3	25944.166	25.944166	False	0.487
1	22	4	18132.919	18.132919	False	0.133
1	22	5	16167.306	16.167306	False	0.573
1	22	6	5181.720	5.181720	False	0.133
1	22	7	2498.531	2.498531	False	0.133
1	23	1	17324.835	17.324835	False	0.398
1	23	2	16185.728	16.185728	False	0.133
1	23	3	14149.520	14.149520	False	0.407
1	23	4	13357.473	13.357473	False	0.133
1	23	5	2196.107	2.196107	False	0.133
1	23	6	15210.393	15.210393	False	0.133
1	24	1	13500.096	13.500096	False	0.437
1	24	2	18053.334	18.053334	False	0.406
1	24	3	3607.330	3.607330	False	0.133
1	24	4	9508.006	9.508006	False	0.133
1	24	5	9701.513	9.701513	False	0.133
1	24	6	11615.710	11.615710	False	0.133
1	25	1	18410.247	18.410247	False	0.367
1	25	2	19727.499	19.727499	False	0.46
1	25	3	16466.399	16.466399	False	0.365
1	25	4	3359.433	3.359433	False	0.367
1	25	5	2721.465	2.721465	False	0.367
1	25	6	14931.422	14.931422	False	0.401
1	25	7	4144.130	4.144130	False	0.367
1	26	1	15346.337	15.346337	False	0.423
1	26	2	23553.079	23.553079	False	0.484
1	26	3	14607.475	14.607475	False	0.426
1	26	4	17755.349	17.755349	False	0.408
1	26	5	13026.378	13.026378	False	0.133
1	26	6	22211.085	22.211085	False	0.429
1	26	7	4116.568	4.116568	False	0.133
1	27	1	39927.305	39.927305	False	0.596
1	27	2	19134.659	19.134659	False	0.437
1	27	3	12893.705	12.893705	False	0.133
1	27	4	25948.505	25.948505	False	0.453
1	27	5	8075.860	8.075860	False	0.574
1	27	6	8722.109	8.722109	False	0.133
1	28	1	20554.521	20.554521	False	0.433
1	28	2	17503.702	17.503702	False	0.399
1	28	3	15909.951	15.909951	False	0.457
1	28	4	19285.746	19.285746	False	0.464
1	28	5	15475.225	15.475225	False	0.445
1	28	6	17941.749	17.941749	False	0.464
1	28	7	3090.313	3.090313	False	0.133
1	28	8	9013.154	9.013154	False	0.133
1	29	1	4310.411	4.310411	False	0.133
1	29	2	25081.273	25.081273	False	0.464
1	29	3	13334.346	13.334346	False	0.133
1	29	4	2670.195	2.670195	False	0.133
1	29	5	14847.140	14.847140	False	0.43
1	29	6	12108.799	12.108799	False	0.133
1	29	7	10843.310	10.843310	False	0.133
1	30	1	8870.073	8.870073	False	0.407
1	30	2	15574.858	15.574858	False	0.402
1	30	3	2340.640	2.340640	False	0.407
1	30	4	3246.989	3.246989	False	0.407
1	30	5	21270.259	21.270259	False	0.414
1	30	6	4605.092	4.605092	False	0.407
1	31	1	22075.292	22.075292	False	0.416
1	31	2	12048.572	12.048572	False	0.133
1	31	3	8884.277	8.884277	False	0.416
1	31	4	10976.991	10.976991	False	0.416
1	31	5	3526.603	3.526603	False	0.416
1	31	6	21876.970	21.876970	False	0.405
1	32	1	15931.837	15.931837	False	0.384
1	32	2	7863.702	7.863702	False	0.417
1	32	3	18434.672	18.434672	False	0.465
1	32	4	17362.553	17.362553	False	0.418
1	32	5	2812.380	2.812380	False	0.417
1	32	6	14804.462	14.804462	False	0.411
1	32	7	3761.290	3.761290	False	0.417
1	32	8	10736.495	10.736495	False	0.417
1	33	1	22071.493	22.071493	False	0.438
1	33	2	17408.573	17.408573	False	0.382
1	33	3	7556.067	7.556067	False	0.412
1	33	4	2894.623	2.894623	False	0.412
1	33	5	12038.951	12.038951	False	0.412
1	33	6	2576.647	2.576647	False	0.412
1	34	1	17450.485	17.450485	False	0.427
1	34	2	17866.488	17.866488	False	0.444
1	34	3	12012.025	12.012025	False	0.427
1	34	4	10178.263	10.178263	False	0.427
1	34	5	12962.437	12.962437	False	0.419
1	34	6	18590.150	18.590150	False	0.424
1	34	7	13158.774	13.158774	False	0.404
1	35	1	16526.981	16.526981	False	0.434
1	35	2	4477.195	4.477195	False	0.434
1	35	3	4730.324	4.730324	False	0.434
1	35	4	2960.073	2.960073	False	0.434
1	35	5	12172.474	12.172474	False	0.434
1	35	6	16684.425	16.684425	False	0.48
1	35	7	16692.110	16.692110	False	0.396
1	35	8	2639.612	2.639612	False	0.434
1	35	9	14786.397	14.786397	False	0.453
1	35	10	2964.044	2.964044	False	0.434
1	35	11	13052.014	13.052014	False	0.434
1	36	1	17364.266	17.364266	True	0.785
1	37	1	20096.664	20.096664	False	0.421
1	37	2	14621.944	14.621944	False	0.133
1	37	3	17835.076	17.835076	False	0.434
1	37	4	13245.659	13.245659	False	0.133
1	37	5	9424.633	9.424633	False	0.133
1	37	6	8498.970	8.498970	False	0.421
1	37	7	2648.427	2.648427	False	0.421
1	37	8	2489.561	2.489561	False	0.421
1	38	1	24559.495	24.559495	False	0.421
1	38	2	20059.143	20.059143	False	0.387
1	38	3	20438.294	20.438294	False	0.44
1	38	4	16260.605	16.260605	False	0.418
1	38	5	17952.100	17.952100	False	0.458
1	38	6	17192.929	17.192929	False	0.418
1	38	7	10498.727	10.498727	False	0.418
1	38	8	22354.190	22.354190	False	0.372
1	38	9	14447.890	14.447890	False	0.405
1	38	10	22368.179	22.368179	False	0.393
1	39	1	14661.420	14.661420	False	0.413
1	39	2	8767.459	8.767459	False	0.429
1	39	3	21910.994	21.910994	False	0.436
1	39	4	16193.224	16.193224	False	0.43
1	39	5	16973.028	16.973028	False	0.417
1	39	6	16259.151	16.259151	False	0.422
1	39	7	26320.244	26.320244	True	0.812
1	40	1	13063.332	13.063332	False	0.386
1	40	2	12840.647	12.840647	False	0.133
1	40	3	21087.052	21.087052	False	0.418
1	40	4	4063.193	4.063193	False	0.133
1	40	5	10933.930	10.933930	False	0.133
1	40	6	15357.326	15.357326	False	0.133
1	40	7	14813.706	14.813706	False	0.391
1	40	8	17127.268	17.127268	False	0.415
1	41	1	17451.384	17.451384	False	0.396
1	41	2	7082.932	7.082932	False	0.416
1	41	3	2605.210	2.605210	False	0.416
1	41	4	16322.739	16.322739	False	0.409
1	41	5	18206.508	18.206508	False	0.398
1	41	6	15444.623	15.444623	False	0.422
1	41	7	16195.915	16.195915	False	0.477
1	41	8	18354.140	18.354140	False	0.444
1	41	9	16899.587	16.899587	False	0.41
1	41	10	15200.492	15.200492	False	0.362
1	41	11	15154.740	15.154740	False	0.422
1	41	12	19495.737	19.495737	False	0.381
1	42	1	15620.680	15.620680	False	0.412
1	42	2	22364.717	22.364717	False	0.458
1	42	3	16833.411	16.833411	False	0.42
1	42	4	13053.454	13.053454	False	0.442
1	42	5	16980.123	16.980123	False	0.428
1	42	6	3074.936	3.074936	False	0.133
1	42	7	2265.437	2.265437	False	0.133
1	43	1	5189.700	5.189700	False	0.133
1	43	2	11221.906	11.221906	False	0.452
1	43	3	2413.113	2.413113	False	0.133
1	43	4	16771.920	16.771920	False	0.371
1	43	5	13683.741	13.683741	False	0.393
1	43	6	9653.479	9.653479	False	0.133
1	43	7	3368.490	3.368490	False	0.133
1	44	1	12875.677	12.875677	False	0.431
1	44	2	17199.571	17.199571	False	0.431
1	44	3	17287.529	17.287529	False	0.446
1	44	4	19018.598	19.018598	False	0.431
1	44	5	17985.024	17.985024	False	0.39
1	44	6	2890.925	2.890925	False	0.431
1	44	7	2319.939	2.319939	False	0.431
1	44	8	14147.566	14.147566	False	0.431
1	45	1	14984.633	14.984633	False	0.398
1	45	2	20848.594	20.848594	False	0.403
1	45	3	13212.540	13.212540	False	0.133
1	45	4	2539.817	2.539817	False	0.133
1	45	5	4922.754	4.922754	False	0.133
1	45	6	2681.189	2.681189	False	0.133
1	46	1	6970.154	6.970154	False	0.412
1	46	2	15030.959	15.030959	False	0.41
1	46	3	12823.710	12.823710	False	0.133
1	46	4	15338.469	15.338469	False	0.468
1	46	5	12139.705	12.139705	False	0.133
1	46	6	3147.998	3.147998	False	0.412
1	46	7	2449.113	2.449113	False	0.412
1	46	8	8436.680	8.436680	False	0.412
1	46	9	15781.615	15.781615	False	0.37
1	47	1	20670.333	20.670333	False	0.406
1	47	2	13237.262	13.237262	True	0.792
1	48	1	16956.321	16.956321	False	0.412
1	48	2	16766.488	16.766488	False	0.476
1	48	3	17840.840	17.840840	False	0.449
1	48	4	16623.066	16.623066	False	0.41
1	48	5	11357.118	11.357118	True	0.749
1	49	1	6120.540	6.120540	False	0.133
1	49	2	22452.410	22.452410	True	0.773
1	50	1	11584.611	11.584611	False	0.133
1	50	2	11613.454	11.613454	False	0.133
1	50	3	18586.126	18.586126	False	0.373
1	50	4	2595.041	2.595041	False	0.133
1	50	5	16106.575	16.106575	False	0.423
1	50	6	18970.134	18.970134	False	0.402
1	50	7	13078.490	13.078490	False	0.133
1	50	8	15599.955	15.599955	False	0.46
1	50	9	21460.646	21.460646	False	0.436
1	50	10	10120.239	10.120239	False	0.133
1	50	11	9830.999	9.830999	False	0.133
1	50	12	13362.065	13.362065	False	0.133
1	50	13	3487.724	3.487724	False	0.133
1	51	1	4433.323	4.433323	False	0.133
1	51	2	11565.526	11.565526	False	0.133
1	51	3	18791.754	18.791754	False	0.433
1	51	4	23351.664	23.351664	False	0.417
1	51	5	11903.774	11.903774	False	0.432
1	51	6	13809.014	13.809014	False	0.133
1	51	7	15233.183	15.233183	False	0.408
1	51	8	18656.551	18.656551	False	0.516
1	51	9	15961.173	15.961173	False	0.418
1	51	10	17441.345	17.441345	False	0.426
1	51	11	14855.832	14.855832	False	0.431
1	51	12	15570.668	15.570668	False	0.356
1	51	13	12532.935	12.532935	False	0.133
1	52	1	19886.671	19.886671	False	0.41
1	52	2	22897.278	22.897278	False	0.401
1	52	3	19283.361	19.283361	False	0.402
1	52	4	19529.266	19.529266	False	0.406
1	52	5	15399.398	15.399398	False	0.421
1	52	6	16315.517	16.315517	False	0.422
1	52	7	14553.906	14.553906	False	0.447
1	52	8	20192.637	20.192637	False	0.41
1	52	9	8917.017	8.917017	False	0.41
1	52	10	21520.635	21.520635	False	0.405
1	52	11	11640.267	11.640267	False	0.41
1	52	12	11041.061	11.041061	False	0.41
1	53	1	14727.893	14.727893	False	0.413
1	53	2	13465.631	13.465631	False	0.423
1	53	3	7166.222	7.166222	False	0.414
1	53	4	17013.176	17.013176	False	0.407
1	53	5	3810.008	3.810008	False	0.414
1	53	6	2195.163	2.195163	False	0.414
1	54	1	15227.789	15.227789	False	0.357
1	54	2	15604.229	15.604229	False	0.476
1	54	3	21074.243	21.074243	False	0.432
1	54	4	20405.134	20.405134	True	0.751
1	55	1	19120.087	19.120087	False	0.472
1	55	2	14020.000	14.020000	False	0.482
1	55	3	19921.215	19.921215	False	0.478
1	55	4	16376.402	16.376402	False	0.498
1	55	5	16497.335	16.497335	False	0.133
1	55	6	13127.016	13.127016	False	0.474
1	55	7	18288.206	18.288206	False	0.442
1	55	8	18331.119	18.331119	False	0.392
1	55	9	18776.965	18.776965	False	0.473
1	56	1	17001.030	17.001030	False	0.361
1	56	2	16239.623	16.239623	False	0.592
1	56	3	9374.010	9.374010	False	0.52
1	56	4	13832.072	13.832072	False	0.133
1	56	5	19702.719	19.702719	False	0.398
1	56	6	2959.997	2.959997	False	0.52
1	56	7	1758.959	1.758959	False	0.52
1	57	1	15210.246	15.210246	False	0.385
1	57	2	4364.862	4.364862	False	0.133
1	57	3	13134.938	13.134938	False	0.133
1	57	4	2342.239	2.342239	False	0.133
1	57	5	22125.362	22.125362	True	0.795
1	58	1	16561.997	16.561997	False	0.507
1	58	2	19503.767	19.503767	False	0.408
1	58	3	17565.418	17.565418	False	0.513
1	58	4	12566.841	12.566841	False	0.396
1	58	5	15248.109	15.248109	False	0.398
1	58	6	17330.283	17.330283	False	0.573
1	58	7	2183.749	2.183749	False	0.513
1	58	8	16304.475	16.304475	False	0.133
1	58	9	4661.513	4.661513	False	0.513
1	58	10	17382.064	17.382064	False	0.415
1	58	11	18490.625	18.490625	False	0.502
1	59	1	12637.728	12.637728	False	0.414
1	59	2	7966.714	7.966714	False	0.565
1	59	3	10885.002	10.885002	False	0.133
1	59	4	3546.851	3.546851	False	0.565
1	59	5	4968.876	4.968876	False	0.565
1	59	6	20775.549	20.775549	False	0.447
1	59	7	2738.952	2.738952	False	0.565
1	60	1	14250.659	14.250659	False	0.133
1	60	2	10653.828	10.653828	False	0.133
1	60	3	17512.728	17.512728	False	0.535
1	60	4	7383.392	7.383392	False	0.564
1	60	5	2888.706	2.888706	False	0.564
1	60	6	33820.664	33.820664	False	0.604
1	60	7	2973.935	2.973935	False	0.564
1	60	8	17464.122	17.464122	False	0.441
1	60	9	2804.546	2.804546	False	0.564
1	60	10	2968.360	2.968360	False	0.564
1	60	11	14432.165	14.432165	False	0.564
1	61	1	2872.816	2.872816	False	0.133
1	61	2	12099.353	12.099353	False	0.133
1	61	3	16767.252	16.767252	False	0.418
1	61	4	13261.503	13.261503	False	0.133
1	61	5	17127.309	17.127309	False	0.384
1	61	6	4096.380	4.096380	False	0.133
1	61	7	13525.216	13.525216	False	0.133
1	61	8	11541.354	11.541354	False	0.133
1	62	1	3519.978	3.519978	False	0.133
1	62	2	17011.626	17.011626	False	0.437
1	62	3	13346.006	13.346006	False	0.133
1	62	4	4389.793	4.389793	False	0.133
1	62	5	4029.966	4.029966	False	0.133
1	62	6	17680.307	17.680307	False	0.466
1	62	7	23498.520	23.498520	False	0.408
1	62	8	13226.053	13.226053	False	0.536
1	62	9	4109.294	4.109294	False	0.133
1	62	10	10974.962	10.974962	False	0.133
1	62	11	16004.263	16.004263	False	0.446
1	62	12	13303.508	13.303508	False	0.133
1	62	13	2952.464	2.952464	False	0.133
1	63	1	4944.440	4.944440	False	0.133
1	63	2	16159.577	16.159577	False	0.403
1	63	3	16486.659	16.486659	False	0.408
1	63	4	8830.078	8.830078	False	0.133
1	63	5	15116.746	15.116746	False	0.419
1	63	6	15679.899	15.679899	False	0.408
1	63	7	15910.499	15.910499	False	0.488
1	63	8	3044.467	3.044467	False	0.133
1	63	9	2427.005	2.427005	False	0.133
1	63	10	2567.094	2.567094	False	0.133
1	63	11	14187.774	14.187774	False	0.401
1	63	12	12557.516	12.557516	False	0.383
1	64	1	14668.535	14.668535	False	0.133
1	64	2	20109.304	20.109304	False	0.409
1	64	3	15193.316	15.193316	False	0.444
1	64	4	3081.265	3.081265	False	0.444
1	64	5	11313.918	11.313918	False	0.444
1	64	6	16886.713	16.886713	False	0.447
1	64	7	7276.392	7.276392	False	0.133
1	64	8	14389.514	14.389514	False	0.374
1	65	1	4589.540	4.589540	False	0.133
1	65	2	11026.566	11.026566	False	0.133
1	65	3	20280.191	20.280191	False	0.404
1	65	4	12999.691	12.999691	False	0.485
1	65	5	13594.817	13.594817	False	0.401
1	65	6	11808.776	11.808776	False	0.133
1	65	7	18083.869	18.083869	False	0.423
1	65	8	4214.421	4.214421	False	0.133
1	65	9	17364.872	17.364872	False	0.438
1	66	1	15578.632	15.578632	False	0.388
1	66	2	15715.173	15.715173	False	0.448
1	66	3	4182.086	4.182086	False	0.133
1	66	4	15582.048	15.582048	False	0.433
1	66	5	3202.307	3.202307	False	0.133
1	66	6	22156.375	22.156375	False	0.133
1	66	7	15842.436	15.842436	False	0.42
1	67	1	18446.759	18.446759	False	0.478
1	67	2	15362.939	15.362939	False	0.617
1	67	3	8321.573	8.321573	False	0.562
1	67	4	2641.452	2.641452	False	0.562
1	67	5	18357.251	18.357251	False	0.463
1	67	6	2887.436	2.887436	False	0.562
1	67	7	18323.785	18.323785	False	0.596
1	68	1	8576.714	8.576714	False	0.429
1	68	2	12688.508	12.688508	False	0.429
1	68	3	21536.296	21.536296	False	0.457
1	68	4	19367.460	19.367460	False	0.446
1	68	5	20079.623	20.079623	False	0.388
1	68	6	9724.503	9.724503	False	0.429
1	68	7	17674.712	17.674712	False	0.382
1	68	8	4327.261	4.327261	False	0.429
1	69	1	10174.031	10.174031	False	0.411
1	69	2	18138.743	18.138743	False	0.424
1	69	3	14908.914	14.908914	False	0.409
1	69	4	14253.001	14.253001	False	0.477
1	69	5	16624.683	16.624683	False	0.461
1	69	6	16479.930	16.479930	False	0.458
1	69	7	16677.789	16.677789	False	0.369
1	69	8	17133.876	17.133876	False	0.458
1	69	9	15650.981	15.650981	False	0.459
1	70	1	15226.449	15.226449	False	0.463
1	70	2	8121.948	8.121948	False	0.422
1	70	3	12743.512	12.743512	False	0.422
1	70	4	2741.607	2.741607	False	0.422
1	70	5	15410.300	15.410300	False	0.401
1	70	6	14489.440	14.489440	False	0.408
1	71	1	19802.870	19.802870	False	0.433
1	71	2	16528.482	16.528482	False	0.398
1	71	3	27918.522	27.918522	False	0.377
1	71	4	11659.230	11.659230	False	0.396
1	71	5	13731.260	13.731260	False	0.374
1	71	6	14905.556	14.905556	False	0.472
1	71	7	18667.840	18.667840	False	0.466
1	71	8	15469.968	15.469968	False	0.408
1	71	9	16994.898	16.994898	False	0.418
1	71	10	18244.907	18.244907	False	0.399
1	71	11	15089.580	15.089580	False	0.388
1	72	1	14173.948	14.173948	False	0.361
1	72	2	14259.518	14.259518	False	0.471
1	72	3	5325.510	5.325510	False	0.133
1	72	4	2987.645	2.987645	False	0.133
1	72	5	14955.092	14.955092	False	0.393
1	72	6	26527.564	26.527564	False	0.466
1	72	7	2744.929	2.744929	False	0.133
1	73	1	11034.341	11.034341	False	0.412
1	73	2	1734.783	1.734783	False	0.133
1	73	3	1961.440	1.961440	False	0.133
1	73	4	10128.124	10.128124	False	0.133
1	73	5	2275.076	2.275076	False	0.133
1	74	1	18302.708	18.302708	False	0.463
1	74	2	6913.884	6.913884	False	0.459
1	74	3	15514.202	15.514202	False	0.133
1	74	4	2968.829	2.968829	False	0.459
1	74	5	13060.253	13.060253	False	0.492
1	74	6	2400.616	2.400616	False	0.459
1	74	7	22325.019	22.325019	False	0.417
1	74	8	13000.989	13.000989	False	0.444
1	74	9	16021.515	16.021515	False	0.459
1	74	10	16081.437	16.081437	False	0.448
1	75	1	15454.572	15.454572	True	0.899
1	76	1	10694.234	10.694234	False	0.133
1	76	2	2580.615	2.580615	False	0.133
1	76	3	16281.556	16.281556	False	0.508
1	76	4	14210.935	14.210935	False	0.133
1	76	5	23288.494	23.288494	False	0.488
1	76	6	19190.099	19.190099	False	0.502
1	76	7	17477.507	17.477507	False	0.418
1	76	8	10983.803	10.983803	False	0.133
1	77	1	13573.898	13.573898	False	0.133
1	77	2	3611.944	3.611944	False	0.133
1	77	3	3045.664	3.045664	False	0.133
1	77	4	2724.938	2.724938	False	0.133
1	78	1	9349.999	9.349999	False	0.468
1	78	2	16967.703	16.967703	False	0.479
1	78	3	25453.040	25.453040	False	0.491
1	78	4	20192.834	20.192834	False	0.452
1	78	5	16195.515	16.195515	False	0.468
1	78	6	15002.575	15.002575	False	0.474
1	78	7	22399.320	22.399320	False	0.393
1	78	8	11934.052	11.934052	False	0.468
1	79	1	15780.486	15.780486	False	0.466
1	79	2	15146.907	15.146907	False	0.45
1	79	3	18295.678	18.295678	False	0.433
1	79	4	8581.884	8.581884	False	0.499
1	79	5	18451.222	18.451222	False	0.421
1	79	6	14690.292	14.690292	False	0.392
1	79	7	16564.906	16.564906	False	0.502
1	79	8	12575.232	12.575232	False	0.466
1	79	9	17987.595	17.987595	False	0.501
1	80	1	8527.973	8.527973	False	0.471
1	80	2	20772.727	20.772727	False	0.471
1	80	3	4236.751	4.236751	False	0.471
1	80	4	14889.313	14.889313	False	0.513
1	80	5	18455.199	18.455199	False	0.466
1	80	6	24701.695	24.701695	False	0.475
1	80	7	17043.221	17.043221	False	0.494
1	80	8	9442.139	9.442139	False	0.471
1	80	9	25078.575	25.078575	False	0.39
1	81	1	19465.096	19.465096	False	0.536
1	81	2	18529.047	18.529047	False	0.133
1	81	3	24625.356	24.625356	False	0.473
1	81	4	19851.243	19.851243	False	0.431
1	81	5	12036.122	12.036122	False	0.133
1	81	6	4122.300	4.122300	False	0.133
1	82	1	18687.492	18.687492	False	0.469
1	82	2	25411.716	25.411716	False	0.439
1	82	3	12300.736	12.300736	False	0.133
1	82	4	22732.007	22.732007	False	0.437
1	82	5	3358.148	3.358148	False	0.133
1	82	6	15857.489	15.857489	False	0.427
1	83	1	13557.840	13.557840	False	0.496
1	83	2	2596.915	2.596915	False	0.133
1	83	3	17131.671	17.131671	False	0.613
1	83	4	19734.363	19.734363	False	0.133
1	83	5	17277.723	17.277723	False	0.539
1	83	6	2315.261	2.315261	False	0.133
1	83	7	14457.631	14.457631	False	0.133
1	83	8	1994.786	1.994786	False	0.133
1	84	1	18805.753	18.805753	False	0.39
1	84	2	17035.974	17.035974	False	0.133
1	84	3	4595.293	4.595293	False	0.133
1	84	4	16174.576	16.174576	False	0.133
1	84	5	13703.824	13.703824	False	0.133
1	85	1	15006.627	15.006627	False	0.133
1	85	2	4104.990	4.104990	False	0.133
1	85	3	16316.535	16.316535	False	0.535
1	85	4	12306.715	12.306715	False	0.133
1	85	5	1992.919	1.992919	False	0.133
1	85	6	22739.589	22.739589	False	0.577
1	85	7	14597.172	14.597172	False	0.576
1	85	8	13096.048	13.096048	True	0.844
1	86	1	10426.397	10.426397	False	0.133
1	86	2	2442.865	2.442865	False	0.133
1	86	3	18739.066	18.739066	False	0.133
1	86	4	12441.020	12.441020	False	0.507
1	86	5	12959.511	12.959511	False	0.133
1	86	6	2463.100	2.463100	False	0.133
1	86	7	7665.509	7.665509	False	0.499
1	86	8	13949.901	13.949901	False	0.511
1	86	9	16302.632	16.302632	False	0.568
1	86	10	12385.023	12.385023	False	0.133
1	86	11	14814.258	14.814258	False	0.512
1	86	12	43455.842	43.455842	False	0.133
1	86	13	2734.425	2.734425	False	0.133
1	86	14	20413.750	20.413750	False	0.393
1	87	1	12659.548	12.659548	False	0.133
1	87	2	4616.725	4.616725	False	0.133
1	87	3	12446.770	12.446770	False	0.133
1	87	4	14174.491	14.174491	False	0.133
1	88	1	18509.880	18.509880	False	0.522
1	88	2	2510.537	2.510537	False	0.133
1	88	3	19811.842	19.811842	False	0.549
1	88	4	9079.432	9.079432	False	0.482
1	88	5	14029.480	14.029480	True	0.821
1	89	1	11042.713	11.042713	False	0.133
1	89	2	18529.358	18.529358	False	0.469
1	89	3	20127.569	20.127569	False	0.413
1	89	4	4487.222	4.487222	False	0.133
1	89	5	16871.962	16.871962	False	0.381
1	89	6	18605.479	18.605479	False	0.492
1	89	7	13909.660	13.909660	False	0.346
1	89	8	17489.776	17.489776	False	0.401
1	89	9	11575.338	11.575338	False	0.133
1	89	10	17428.539	17.428539	False	0.338
1	89	11	15298.435	15.298435	False	0.371
1	90	1	15794.327	15.794327	False	0.133
1	90	2	3714.637	3.714637	False	0.133
1	90	3	23721.407	23.721407	False	0.501
1	90	4	11061.665	11.061665	False	0.133
1	90	5	15762.197	15.762197	False	0.133
1	90	6	2250.363	2.250363	False	0.133
1	90	7	16168.784	16.168784	False	0.408
1	90	8	2361.052	2.361052	False	0.133
1	91	1	12371.652	12.371652	False	0.133
1	91	2	16267.156	16.267156	False	0.407
1	91	3	41928.239	41.928239	False	0.508
1	91	4	2255.981	2.255981	False	0.133
1	91	5	23106.697	23.106697	False	0.511
1	91	6	28336.243	28.336243	False	0.424
1	91	7	19061.084	19.061084	False	0.425
1	91	8	1763.251	1.763251	False	0.133
1	92	1	22050.193	22.050193	False	0.133
1	92	2	23030.300	23.030300	False	0.133
1	92	3	18911.684	18.911684	False	0.501
1	92	4	11852.463	11.852463	False	0.133
1	92	5	16988.161	16.988161	False	0.133
1	92	6	14386.478	14.386478	False	0.462
1	92	7	22767.544	22.767544	False	0.457
1	92	8	13803.725	13.803725	False	0.133
1	93	1	4354.172	4.354172	False	0.133
1	93	2	3454.410	3.454410	False	0.133
1	93	3	23823.482	23.823482	False	0.512
1	93	4	14574.551	14.574551	False	0.436
1	93	5	2425.968	2.425968	False	0.133
1	93	6	25996.705	25.996705	False	0.524
1	93	7	2185.441	2.185441	False	0.133
1	93	8	1705.775	1.705775	False	0.133
1	93	9	12644.772	12.644772	False	0.133
1	93	10	18235.157	18.235157	False	0.421
1	93	11	21949.214	21.949214	False	0.404
1	94	1	24200.732	24.200732	False	0.502
1	94	2	15305.616	15.305616	False	0.45
1	94	3	17592.856	17.592856	False	0.421
1	94	4	23562.198	23.562198	False	0.395
1	94	5	19353.746	19.353746	False	0.451
1	94	6	21404.288	21.404288	False	0.495
1	95	1	4285.005	4.285005	False	0.133
1	95	2	21827.360	21.827360	False	0.392
1	95	3	11802.302	11.802302	False	0.133
1	95	4	3471.694	3.471694	False	0.133
1	95	5	13695.909	13.695909	False	0.133
1	95	6	12756.730	12.756730	False	0.133
1	96	1	18671.291	18.671291	False	0.421
1	96	2	22874.279	22.874279	False	0.467
1	96	3	28863.121	28.863121	False	0.483
1	96	4	9676.190	9.676190	False	0.133
1	96	5	2335.574	2.335574	False	0.133
1	96	6	17390.190	17.390190	False	0.433
1	96	7	22849.439	22.849439	False	0.133
1	96	8	10840.650	10.840650	False	0.133
1	97	1	13688.655	13.688655	False	0.537
1	97	2	21274.796	21.274796	False	0.437
1	97	3	15711.704	15.711704	False	0.471
1	97	4	8737.051	8.737051	False	0.446
1	97	5	29845.363	29.845363	False	0.432
1	97	6	3522.324	3.522324	False	0.446
1	98	1	28790.280	28.790280	False	0.456
1	98	2	22747.541	22.747541	False	0.504
1	98	3	16407.221	16.407221	False	0.465
1	98	4	9486.701	9.486701	False	0.133
1	98	5	18084.374	18.084374	False	0.477
1	98	6	16814.103	16.814103	False	0.465
1	98	7	14933.621	14.933621	False	0.446
1	99	1	13811.657	13.811657	False	0.133
1	99	2	14501.041	14.501041	False	0.44
1	99	3	12860.221	12.860221	False	0.392
1	99	4	17905.783	17.905783	True	0.738
1	100	1	10371.039	10.371039	False	0.133
1	100	2	12618.922	12.618922	False	0.133
1	100	3	15674.430	15.674430	False	0.42
1	100	4	14714.913	14.714913	False	0.382
1	100	5	16349.707	16.349707	False	0.44
1	100	6	12320.461	12.320461	False	0.133
1	100	7	26589.614	26.589614	False	0.543
1	100	8	14061.841	14.061841	False	0.133
1	100	9	1704.976	1.704976	False	0.133
1	100	10	15849.013	15.849013	False	0.462
1	100	11	9070.802	9.070802	False	0.133
1	100	12	4664.025	4.664025	False	0.133
1	101	1	17821.182	17.821182	False	0.416
1	101	2	6963.869	6.963869	False	0.401
1	101	3	14596.278	14.596278	False	0.328
1	101	4	25273.989	25.273989	False	0.447
1	101	5	3110.061	3.110061	False	0.401
1	101	6	12353.770	12.353770	False	0.393
1	101	7	26712.848	26.712848	False	0.401
1	101	8	16929.356	16.929356	False	0.535
1	101	9	5913.121	5.913121	False	0.401
1	101	10	7434.263	7.434263	False	0.401
1	101	11	25179.352	25.179352	False	0.401
1	101	12	4381.845	4.381845	False	0.401
1	101	13	13718.344	13.718344	False	0.454
1	102	1	17312.015	17.312015	False	0.526
1	102	2	4106.064	4.106064	False	0.133
1	102	3	14060.394	14.060394	False	0.133
1	102	4	12290.906	12.290906	False	0.133
1	102	5	17824.747	17.824747	True	0.844
1	103	1	15250.743	15.250743	False	0.379
1	103	2	5144.616	5.144616	False	0.133
1	103	3	13190.913	13.190913	False	0.459
1	103	4	17463.528	17.463528	True	0.791
1	104	1	16412.542	16.412542	False	0.524
1	104	2	15971.151	15.971151	False	0.485
1	104	3	17736.809	17.736809	False	0.474
1	104	4	4599.622	4.599622	False	0.133
1	104	5	2249.071	2.249071	False	0.133
1	104	6	3817.170	3.817170	False	0.133
1	105	1	15783.315	15.783315	False	0.456
1	105	2	17187.570	17.187570	False	0.438
1	105	3	16279.542	16.279542	False	0.408
1	105	4	13827.434	13.827434	False	0.133
1	105	5	4037.275	4.037275	False	0.133
1	105	6	15683.185	15.683185	False	0.507
1	105	7	16405.303	16.405303	False	0.133
1	105	8	19110.905	19.110905	False	0.468
1	105	9	16228.736	16.228736	False	0.451
1	105	10	2996.136	2.996136	False	0.133
1	105	11	2442.672	2.442672	False	0.133
1	106	1	17778.928	17.778928	False	0.367
1	106	2	15125.128	15.125128	False	0.459
1	106	3	17774.093	17.774093	False	0.389
1	106	4	13098.633	13.098633	False	0.133
1	106	5	17097.727	17.097727	False	0.456
1	106	6	17450.523	17.450523	False	0.416
1	106	7	14207.902	14.207902	False	0.133
1	107	1	12692.590	12.692590	False	0.133
1	107	2	4086.818	4.086818	False	0.133
1	107	3	22904.630	22.904630	False	0.444
1	107	4	10160.483	10.160483	False	0.133
1	107	5	19642.738	19.642738	False	0.518
1	107	6	19052.548	19.052548	False	0.497
1	107	7	13352.328	13.352328	False	0.133
1	107	8	2433.558	2.433558	False	0.133
1	107	9	1224.645	1.224645	False	0.133
1	107	10	10495.601	10.495601	False	0.133
1	108	1	17396.032	17.396032	False	0.4
1	108	2	18600.171	18.600171	False	0.422
1	108	3	5633.368	5.633368	False	0.133
1	108	4	1828.465	1.828465	False	0.133
1	108	5	2788.031	2.788031	False	0.133
1	108	6	17842.597	17.842597	False	0.426
1	108	7	16253.576	16.253576	False	0.404
1	109	1	4011.273	4.011273	False	0.133
1	109	2	3521.442	3.521442	False	0.133
1	109	3	16204.584	16.204584	False	0.468
1	109	4	1756.173	1.756173	False	0.133
1	109	5	4556.153	4.556153	False	0.133
1	109	6	15633.683	15.633683	False	0.398
1	109	7	11071.819	11.071819	False	0.133
1	109	8	15425.529	15.425529	False	0.424
1	110	1	16066.483	16.066483	False	0.445
1	110	2	13435.923	13.435923	False	0.396
1	110	3	20885.952	20.885952	False	0.383
1	110	4	20777.814	20.777814	False	0.403
1	110	5	18394.136	18.394136	False	0.424
1	110	6	15544.986	15.544986	False	0.472
1	110	7	4086.284	4.086284	False	0.133
1	110	8	2268.615	2.268615	False	0.133
1	110	9	13476.555	13.476555	False	0.396
1	110	10	13959.558	13.959558	False	0.133
1	110	11	14947.542	14.947542	False	0.409
1	111	1	13939.380	13.939380	False	0.133
1	111	2	19303.026	19.303026	False	0.48
1	111	3	12019.080	12.019080	False	0.428
1	111	4	19372.708	19.372708	False	0.458
1	111	5	19562.964	19.562964	False	0.477
1	111	6	12868.750	12.868750	False	0.133
1	111	7	17425.645	17.425645	False	0.133
1	112	1	13691.956	13.691956	False	0.133
1	112	2	16699.072	16.699072	False	0.43
1	112	3	16520.191	16.520191	False	0.462
1	112	4	4581.809	4.581809	False	0.133
1	112	5	11243.895	11.243895	False	0.133
1	112	6	16935.362	16.935362	False	0.133
1	112	7	21586.021	21.586021	False	0.431
1	112	8	13695.786	13.695786	False	0.388
1	113	1	12730.981	12.730981	False	0.133
1	113	2	13399.638	13.399638	False	0.133
1	113	3	18835.876	18.835876	False	0.382
1	113	4	4820.077	4.820077	False	0.133
1	113	5	18934.263	18.934263	False	0.501
1	113	6	1756.766	1.756766	False	0.133
1	113	7	19402.656	19.402656	False	0.133
1	113	8	2551.122	2.551122	False	0.133
1	113	9	12780.546	12.780546	False	0.133
1	114	1	18305.275	18.305275	False	0.471
1	114	2	13551.997	13.551997	False	0.133
1	114	3	3065.053	3.065053	False	0.133
1	114	4	19470.141	19.470141	False	0.485
1	114	5	14757.784	14.757784	False	0.355
1	114	6	12932.891	12.932891	False	0.401
1	114	7	13226.563	13.226563	False	0.434
1	114	8	14434.921	14.434921	False	0.133
1	114	9	1504.201	1.504201	False	0.133
1	115	1	19351.760	19.351760	False	0.429
1	115	2	15237.705	15.237705	False	0.133
1	115	3	19395.222	19.395222	False	0.445
1	115	4	4123.526	4.123526	False	0.133
1	115	5	2953.374	2.953374	False	0.133
1	115	6	2417.423	2.417423	False	0.133
1	115	7	6541.389	6.541389	False	0.133
1	116	1	3274.142	3.274142	False	0.133
1	116	2	17103.017	17.103017	False	0.489
1	116	3	16902.588	16.902588	False	0.133
1	116	4	11577.661	11.577661	False	0.133
1	116	5	12378.924	12.378924	False	0.133
1	116	6	11157.265	11.157265	False	0.133
1	117	1	18709.990	18.709990	False	0.133
1	117	2	11320.037	11.320037	False	0.133
1	117	3	13581.130	13.581130	False	0.133
1	117	4	2770.046	2.770046	False	0.133
1	118	1	28921.405	28.921405	False	0.428
1	118	2	21537.987	21.537987	False	0.431
1	118	3	12039.130	12.039130	False	0.133
1	118	4	22252.888	22.252888	False	0.133
1	118	5	13234.511	13.234511	False	0.133
1	118	6	11663.687	11.663687	False	0.429
1	119	1	8566.161	8.566161	False	0.459
1	119	2	6770.587	6.770587	False	0.459
1	119	3	45428.812	45.428812	False	0.47
1	119	4	54653.629	54.653629	True	0.855
1	120	1	27436.519	27.436519	False	0.54
1	120	2	15828.219	15.828219	False	0.133
1	120	3	12506.350	12.506350	False	0.133
1	120	4	3315.530	3.315530	False	0.133
1	120	5	2975.194	2.975194	False	0.133
1	121	1	10546.881	10.546881	False	0.133
1	121	2	19045.786	19.045786	False	0.501
1	121	3	19883.405	19.883405	False	0.377
1	121	4	11610.766	11.610766	False	0.133
1	121	5	16286.160	16.286160	False	0.542
1	121	6	17120.681	17.120681	False	0.443
1	121	7	13037.730	13.037730	False	0.422
1	121	8	17568.420	17.568420	False	0.516
1	121	9	8243.199	8.243199	False	0.133
1	121	10	16818.188	16.818188	False	0.505
1	122	1	4912.290	4.912290	False	0.133
1	122	2	12321.012	12.321012	False	0.133
1	122	3	33467.543	33.467543	False	0.545
1	122	4	22147.117	22.147117	False	0.457
1	122	5	14672.682	14.672682	False	0.494
1	122	6	12699.844	12.699844	False	0.133
1	122	7	31577.452	31.577452	False	0.133
1	122	8	18319.855	18.319855	True	0.858
1	123	1	21541.944	21.541944	False	0.423
1	123	2	2447.483	2.447483	False	0.133
1	123	3	2274.744	2.274744	False	0.133
1	123	4	15395.839	15.395839	False	0.437
1	123	5	17266.096	17.266096	False	0.457
1	123	6	17982.978	17.982978	False	0.394
1	123	7	11687.747	11.687747	False	0.133
1	123	8	20766.328	20.766328	False	0.389
1	123	9	30630.573	30.630573	False	0.522
1	123	10	2753.490	2.753490	False	0.133
1	123	11	2998.075	2.998075	False	0.133
1	123	12	10421.205	10.421205	False	0.133
1	123	13	15706.470	15.706470	False	0.455
1	123	14	18857.424	18.857424	False	0.56
1	123	15	33481.193	33.481193	False	0.133
1	123	16	2594.047	2.594047	False	0.133
1	123	17	1176.097	1.176097	False	0.133
1	123	18	9753.658	9.753658	False	0.133
1	124	1	4022.371	4.022371	False	0.133
1	124	2	15996.766	15.996766	False	0.403
1	124	3	18740.362	18.740362	False	0.481
1	124	4	16982.070	16.982070	False	0.455
1	124	5	12502.776	12.502776	False	0.133
1	124	6	31353.563	31.353563	True	0.734
1	125	1	17049.495	17.049495	True	0.857
1	126	1	7629.310	7.629310	False	0.133
1	126	2	14582.759	14.582759	False	0.133
1	126	3	14060.317	14.060317	False	0.514
1	126	4	20964.835	20.964835	False	0.485
1	126	5	16012.601	16.012601	False	0.487
1	126	6	32647.374	32.647374	False	0.133
1	126	7	11481.004	11.481004	False	0.133
1	126	8	14898.044	14.898044	False	0.485
1	127	1	18548.134	18.548134	False	0.453
1	127	2	10571.449	10.571449	False	0.133
1	127	3	7111.108	7.111108	False	0.459
1	127	4	14526.779	14.526779	False	0.413
1	127	5	11220.603	11.220603	False	0.459
1	127	6	14449.238	14.449238	False	0.329
1	128	1	15178.208	15.178208	False	0.133
1	128	2	14532.396	14.532396	False	0.516
1	128	3	18393.371	18.393371	False	0.133
1	128	4	17839.130	17.839130	False	0.516
1	128	5	12516.437	12.516437	False	0.467
1	128	6	14812.372	14.812372	False	0.498
1	128	7	14511.176	14.511176	False	0.448
1	129	1	7268.120	7.268120	False	0.133
1	129	2	11369.305	11.369305	False	0.133
1	129	3	36109.770	36.109770	False	0.487
1	129	4	10303.476	10.303476	True	0.904
1	130	1	16996.465	16.996465	False	0.411
1	130	2	15084.069	15.084069	False	0.133
1	130	3	17229.986	17.229986	False	0.395
1	130	4	18336.984	18.336984	False	0.394
1	130	5	19953.753	19.953753	False	0.38
1	130	6	15433.809	15.433809	False	0.133
1	131	1	12351.409	12.351409	False	0.133
1	131	2	14239.728	14.239728	False	0.594
1	131	3	12452.433	12.452433	False	0.512
1	131	4	17707.499	17.707499	False	0.447
1	131	5	11947.136	11.947136	False	0.133
1	131	6	4904.735	4.904735	False	0.133
1	131	7	1749.470	1.749470	False	0.133
1	132	1	12344.051	12.344051	False	0.133
1	132	2	2352.477	2.352477	False	0.133
1	132	3	17666.875	17.666875	False	0.403
1	132	4	15548.819	15.548819	True	0.72
1	133	1	3784.728	3.784728	False	0.133
1	133	2	11641.765	11.641765	True	0.81
1	134	1	13747.977	13.747977	False	0.133
1	134	2	9905.363	9.905363	False	0.133
1	134	3	14286.836	14.286836	False	0.133
1	134	4	15975.558	15.975558	False	0.381
1	134	5	10510.891	10.510891	False	0.133
1	134	6	20416.921	20.416921	False	0.425
1	134	7	1966.445	1.966445	False	0.133
1	134	8	11229.291	11.229291	False	0.133
1	134	9	14786.797	14.786797	False	0.392
1	134	10	8134.450	8.134450	False	0.133
1	134	11	1416.790	1.416790	False	0.133
1	135	1	19498.720	19.498720	False	0.133
1	135	2	18290.224	18.290224	False	0.48
1	135	3	22236.773	22.236773	False	0.457
1	135	4	16712.595	16.712595	False	0.407
1	135	5	14441.213	14.441213	False	0.133
1	135	6	11832.106	11.832106	False	0.133
1	135	7	14989.245	14.989245	False	0.347
1	136	1	15924.721	15.924721	False	0.369
1	136	2	15824.146	15.824146	False	0.585
1	136	3	11174.041	11.174041	False	0.423
1	136	4	10614.986	10.614986	False	0.133
1	136	5	4912.601	4.912601	True	0.888
1	137	1	3314.665	3.314665	False	0.133
1	137	2	11615.554	11.615554	False	0.133
1	137	3	2137.684	2.137684	False	0.133
1	137	4	15645.282	15.645282	False	0.504
1	137	5	19714.542	19.714542	False	0.49
1	137	6	14086.084	14.086084	False	0.133
1	137	7	12700.573	12.700573	False	0.133
1	137	8	3272.852	3.272852	False	0.133
1	137	9	8784.008	8.784008	False	0.133
1	138	1	17155.741	17.155741	False	0.448
1	138	2	13359.269	13.359269	False	0.133
1	138	3	16185.886	16.185886	False	0.458
1	138	4	16721.183	16.721183	False	0.435
1	138	5	12869.591	12.869591	False	0.133
1	138	6	7003.741	7.003741	False	0.448
1	139	1	2848.103	2.848103	False	0.133
1	139	2	15589.749	15.589749	False	0.494
1	139	3	17568.232	17.568232	False	0.429
1	139	4	12968.012	12.968012	False	0.133
1	139	5	20020.711	20.020711	False	0.471
1	139	6	1454.167	1.454167	False	0.133
1	139	7	22982.317	22.982317	False	0.439
1	140	1	18930.214	18.930214	False	0.413
1	140	2	11417.109	11.417109	False	0.527
1	140	3	12729.653	12.729653	False	0.133
1	140	4	1602.488	1.602488	False	0.133
1	140	5	10740.149	10.740149	False	0.133
1	140	6	2175.027	2.175027	False	0.133
1	141	1	14297.750	14.297750	False	0.469
1	141	2	4355.602	4.355602	False	0.133
1	141	3	7747.718	7.747718	False	0.133
1	141	4	12626.416	12.626416	False	0.133
1	141	5	13462.930	13.462930	False	0.133
1	142	1	9821.940	9.821940	False	0.133
1	142	2	15081.934	15.081934	False	0.47
1	142	3	18870.612	18.870612	False	0.482
1	142	4	11576.818	11.576818	False	0.133
1	142	5	16799.123	16.799123	False	0.54
1	142	6	9184.367	9.184367	False	0.133
1	142	7	2647.616	2.647616	False	0.133
1	142	8	4108.262	4.108262	False	0.133
1	142	9	2293.542	2.293542	False	0.133
1	143	1	14357.324	14.357324	False	0.133
1	143	2	9174.851	9.174851	False	0.133
1	143	3	15426.115	15.426115	False	0.435
1	143	4	11921.101	11.921101	False	0.133
1	143	5	2003.371	2.003371	False	0.133
1	143	6	2935.264	2.935264	False	0.133
1	143	7	19637.391	19.637391	False	0.48
1	143	8	12919.487	12.919487	False	0.133
1	143	9	13382.806	13.382806	False	0.448
1	143	10	18607.336	18.607336	False	0.437
1	143	11	17369.586	17.369586	False	0.482
1	143	12	14235.541	14.235541	False	0.133
1	144	1	14516.116	14.516116	False	0.133
1	144	2	2516.327	2.516327	False	0.133
1	144	3	14397.918	14.397918	False	0.454
1	144	4	2903.064	2.903064	False	0.133
1	144	5	18393.201	18.393201	False	0.531
1	144	6	1229.957	1.229957	False	0.133
1	144	7	11782.067	11.782067	True	0.794
1	145	1	12228.350	12.228350	False	0.133
1	145	2	22370.983	22.370983	False	0.133
1	145	3	18464.417	18.464417	False	0.133
1	145	4	15319.122	15.319122	False	0.438
1	145	5	15254.707	15.254707	False	0.354
1	145	6	12746.722	12.746722	False	0.133
1	145	7	13402.618	13.402618	False	0.133
1	145	8	30482.862	30.482862	True	0.899
1	146	1	14908.093	14.908093	False	0.385
1	146	2	10889.869	10.889869	False	0.133
1	146	3	12824.294	12.824294	False	0.358
1	146	4	14400.561	14.400561	False	0.133
1	146	5	2751.137	2.751137	False	0.133
1	146	6	11671.811	11.671811	False	0.133
1	147	1	19195.182	19.195182	False	0.396
1	147	2	7865.483	7.865483	False	0.434
1	147	3	20906.844	20.906844	False	0.431
1	147	4	15958.470	15.958470	False	0.42
1	147	5	17389.358	17.389358	False	0.425
1	147	6	3612.210	3.612210	False	0.434
1	147	7	12012.368	12.012368	False	0.42
1	148	1	7090.007	7.090007	False	0.133
1	148	2	17180.917	17.180917	False	0.422
1	148	3	14589.363	14.589363	False	0.133
1	148	4	1700.497	1.700497	False	0.133
1	148	5	2391.646	2.391646	False	0.133
1	148	6	16096.516	16.096516	False	0.419
1	148	7	2754.783	2.754783	False	0.133
1	149	1	8173.354	8.173354	False	0.433
1	149	2	18246.641	18.246641	False	0.448
1	149	3	12727.710	12.727710	False	0.133
1	149	4	3082.647	3.082647	False	0.433
1	149	5	14643.736	14.643736	False	0.433
1	149	6	10521.239	10.521239	False	0.133
1	149	7	10176.314	10.176314	False	0.133
1	150	1	16012.451	16.012451	False	0.408
1	150	2	11071.777	11.071777	False	0.416
1	150	3	17969.841	17.969841	False	0.412
1	150	4	14092.002	14.092002	False	0.407
1	150	5	14897.701	14.897701	False	0.413
1	150	6	15298.486	15.298486	False	0.428
1	150	7	23578.925	23.578925	False	0.419
1	150	8	7444.528	7.444528	False	0.431
1	150	9	16625.160	16.625160	False	0.41
1	150	10	2291.777	2.291777	False	0.431
1	150	11	16557.825	16.557825	False	0.43
1	151	1	18014.619	18.014619	False	0.432
1	151	2	13237.293	13.237293	False	0.133
1	151	3	19007.961	19.007961	False	0.459
1	151	4	2339.770	2.339770	False	0.133
1	151	5	3374.817	3.374817	False	0.133
1	151	6	3296.342	3.296342	False	0.133
1	151	7	11456.351	11.456351	False	0.133
1	152	1	15815.713	15.815713	False	0.424
1	152	2	12806.136	12.806136	False	0.589
1	152	3	14144.059	14.144059	False	0.133
1	152	4	17439.128	17.439128	False	0.432
1	152	5	19944.460	19.944460	False	0.443
1	152	6	12657.526	12.657526	False	0.133
1	152	7	3838.165	3.838165	False	0.133
1	153	1	12013.639	12.013639	False	0.133
1	153	2	7899.319	7.899319	False	0.415
1	153	3	17319.047	17.319047	False	0.38
1	153	4	13582.776	13.582776	False	0.438
1	153	5	17981.380	17.981380	False	0.427
1	153	6	20993.821	20.993821	False	0.416
1	153	7	14074.430	14.074430	False	0.418
1	153	8	14632.386	14.632386	False	0.402
1	153	9	15759.621	15.759621	False	0.378
1	154	1	4094.260	4.094260	False	0.133
1	154	2	20821.912	20.821912	False	0.387
1	154	3	1738.651	1.738651	False	0.133
1	154	4	12037.326	12.037326	False	0.133
1	154	5	15393.908	15.393908	False	0.486
1	154	6	17672.288	17.672288	False	0.397
1	154	7	17081.558	17.081558	False	0.399
1	154	8	16647.470	16.647470	False	0.411
1	154	9	13694.323	13.694323	False	0.411
1	154	10	18446.156	18.446156	False	0.466
1	155	1	3625.516	3.625516	False	0.133
1	155	2	24422.328	24.422328	False	0.509
1	155	3	2581.291	2.581291	False	0.133
1	155	4	17502.169	17.502169	False	0.372
1	155	5	12767.644	12.767644	False	0.133
1	155	6	17872.910	17.872910	False	0.422
1	155	7	19243.541	19.243541	False	0.433
1	156	1	21136.079	21.136079	False	0.133
1	156	2	15833.119	15.833119	True	0.847
1	157	1	11237.626	11.237626	False	0.133
1	157	2	18034.885	18.034885	False	0.384
1	157	3	13353.211	13.353211	False	0.403
1	157	4	17676.805	17.676805	False	0.387
1	157	5	12944.788	12.944788	False	0.471
1	157	6	4482.422	4.482422	False	0.133
1	157	7	16359.697	16.359697	False	0.372
1	157	8	2140.020	2.140020	False	0.133
1	157	9	13437.169	13.437169	False	0.133
1	157	10	13975.317	13.975317	False	0.422
1	158	1	13905.476	13.905476	False	0.429
1	158	2	18391.064	18.391064	False	0.424
1	158	3	7451.855	7.451855	False	0.418
1	158	4	16092.582	16.092582	False	0.427
1	158	5	2690.856	2.690856	False	0.418
1	158	6	19223.340	19.223340	False	0.461
1	158	7	2855.482	2.855482	False	0.418
1	158	8	17705.043	17.705043	False	0.407
1	158	9	14938.116	14.938116	False	0.457
1	158	10	16208.123	16.208123	False	0.406
1	158	11	16025.138	16.025138	False	0.429
1	159	1	15296.241	15.296241	False	0.396
1	159	2	22988.489	22.988489	False	0.421
1	159	3	8091.413	8.091413	False	0.133
1	159	4	7288.832	7.288832	False	0.413
1	159	5	10045.960	10.045960	False	0.133
1	159	6	3589.616	3.589616	False	0.413
1	159	7	15824.660	15.824660	False	0.469
1	159	8	10979.885	10.979885	False	0.413
1	159	9	2197.826	2.197826	False	0.413
1	159	10	17634.969	17.634969	False	0.405
1	159	11	10223.687	10.223687	False	0.413
1	159	12	2195.042	2.195042	False	0.413
1	160	1	33506.980	33.506980	False	0.133
1	160	2	10609.297	10.609297	False	0.133
1	160	3	15399.849	15.399849	False	0.433
1	160	4	24136.923	24.136923	False	0.133
1	160	5	16424.774	16.424774	False	0.445
1	160	6	29106.649	29.106649	False	0.525
1	160	7	2243.352	2.243352	False	0.133
1	160	8	26146.163	26.146163	False	0.473
1	160	9	13903.019	13.903019	False	0.424
1	160	10	18297.431	18.297431	True	0.865
1	161	1	13804.983	13.804983	False	0.475
1	161	2	17599.328	17.599328	False	0.425
1	161	3	2641.347	2.641347	False	0.133
1	161	4	13411.056	13.411056	False	0.133
1	161	5	19712.678	19.712678	False	0.133
1	161	6	17158.134	17.158134	False	0.494
1	161	7	21488.393	21.488393	False	0.556
1	161	8	16888.346	16.888346	False	0.579
1	161	9	45119.428	45.119428	False	0.501
1	161	10	10698.366	10.698366	False	0.133
1	161	11	22962.319	22.962319	True	0.856
1	162	1	17729.599	17.729599	False	0.388
1	162	2	12695.793	12.695793	False	0.133
1	162	3	15887.784	15.887784	False	0.415
1	162	4	15042.117	15.042117	False	0.362
1	162	5	12670.514	12.670514	False	0.133
1	162	6	4920.270	4.920270	False	0.133
1	162	7	13400.951	13.400951	False	0.39
1	162	8	14629.271	14.629271	False	0.133
1	163	1	12699.956	12.699956	False	0.133
1	163	2	14726.958	14.726958	False	0.377
1	163	3	2458.453	2.458453	False	0.133
1	163	4	11861.848	11.861848	False	0.133
1	163	5	22861.279	22.861279	False	0.133
1	163	6	20948.029	20.948029	False	0.475
1	163	7	3211.858	3.211858	False	0.133
1	163	8	15036.194	15.036194	False	0.443
1	163	9	23031.459	23.031459	False	0.46
1	163	10	16048.425	16.048425	False	0.517
1	163	11	12268.658	12.268658	False	0.133
1	163	12	11915.365	11.915365	False	0.133
1	163	13	11346.131	11.346131	False	0.133
1	163	14	14253.334	14.253334	False	0.133
1	164	1	4936.950	4.936950	False	0.133
1	164	2	13239.668	13.239668	False	0.133
1	164	3	2818.663	2.818663	False	0.133
1	164	4	17465.663	17.465663	False	0.356
1	164	5	14048.986	14.048986	False	0.133
1	164	6	2772.658	2.772658	False	0.133
1	164	7	1871.282	1.871282	False	0.133
1	164	8	11885.122	11.885122	False	0.133
1	165	1	13347.502	13.347502	True	0.761
1	166	1	19357.976	19.357976	False	0.471
1	166	2	15262.283	15.262283	False	0.476
1	166	3	13099.195	13.099195	False	0.133
1	166	4	13557.885	13.557885	False	0.133
1	166	5	16821.659	16.821659	False	0.461
1	166	6	3301.488	3.301488	False	0.133
1	167	1	15970.087	15.970087	False	0.355
1	167	2	15128.806	15.128806	False	0.411
1	167	3	6779.491	6.779491	False	0.395
1	167	4	3102.970	3.102970	False	0.395
1	167	5	9896.919	9.896919	False	0.395
1	167	6	11669.474	11.669474	False	0.395
1	167	7	16881.930	16.881930	False	0.459
1	167	8	2614.067	2.614067	False	0.395
1	167	9	13355.440	13.355440	False	0.401
1	167	10	21328.470	21.328470	False	0.478
1	167	11	18580.183	18.580183	False	0.408
1	167	12	16352.511	16.352511	False	0.4
1	167	13	12891.642	12.891642	False	0.133
1	167	14	15840.286	15.840286	False	0.362
1	167	15	21669.382	21.669382	False	0.358
1	168	1	17211.762	17.211762	False	0.361
1	168	2	14731.172	14.731172	False	0.452
1	168	3	10613.354	10.613354	False	0.133
1	168	4	13816.737	13.816737	False	0.133
1	168	5	15772.727	15.772727	False	0.401
1	168	6	21037.440	21.037440	False	0.427
1	168	7	14748.624	14.748624	False	0.133
1	169	1	4617.581	4.617581	False	0.133
1	169	2	3976.914	3.976914	False	0.133
1	169	3	23640.196	23.640196	False	0.501
1	169	4	11289.401	11.289401	False	0.133
1	169	5	12070.852	12.070852	False	0.133
1	169	6	10183.860	10.183860	False	0.133
1	169	7	21204.176	21.204176	False	0.459
1	169	8	18455.212	18.455212	False	0.594
1	169	9	15137.685	15.137685	False	0.133
1	169	10	13895.392	13.895392	False	0.133
1	169	11	17996.640	17.996640	False	0.467
1	169	12	2139.992	2.139992	False	0.133
1	169	13	2619.062	2.619062	False	0.133
1	170	1	22224.798	22.224798	False	0.464
1	170	2	11431.776	11.431776	False	0.133
1	170	3	19178.986	19.178986	False	0.42
1	170	4	13152.895	13.152895	False	0.133
1	170	5	17373.511	17.373511	False	0.436
1	170	6	20848.622	20.848622	False	0.516
1	170	7	16373.628	16.373628	False	0.511
1	170	8	14234.985	14.234985	False	0.531
1	170	9	17803.498	17.803498	True	0.791
1	171	1	19671.833	19.671833	False	0.443
1	171	2	11689.226	11.689226	False	0.133
1	171	3	13526.694	13.526694	False	0.133
1	171	4	15074.538	15.074538	False	0.417
1	171	5	18258.836	18.258836	False	0.445
1	171	6	12137.937	12.137937	False	0.133
1	172	1	18113.829	18.113829	False	0.475
1	172	2	12384.761	12.384761	True	0.913
1	173	1	3160.807	3.160807	False	0.133
1	173	2	14113.754	14.113754	False	0.133
1	173	3	2582.405	2.582405	False	0.133
1	173	4	25327.440	25.327440	False	0.133
1	174	1	15967.654	15.967654	False	0.44
1	174	2	4203.040	4.203040	False	0.133
1	174	3	11120.769	11.120769	True	0.829
1	175	1	8966.720	8.966720	False	0.133
1	175	2	11563.282	11.563282	False	0.133
1	175	3	16216.835	16.216835	False	0.459
1	175	4	14807.567	14.807567	False	0.466
1	175	5	15509.440	15.509440	False	0.45
1	175	6	16980.622	16.980622	False	0.412
1	175	7	11690.495	11.690495	False	0.417
1	175	8	16746.774	16.746774	False	0.422
1	176	1	13633.765	13.633765	False	0.133
1	176	2	15441.130	15.441130	False	0.133
1	176	3	6723.673	6.723673	False	0.416
1	176	4	10655.423	10.655423	False	0.133
1	176	5	3853.257	3.853257	False	0.416
1	176	6	11767.189	11.767189	False	0.133
1	176	7	10726.329	10.726329	False	0.133
1	176	8	24805.430	24.805430	False	0.404
1	177	1	14888.547	14.888547	False	0.491
1	177	2	18533.305	18.533305	False	0.47
1	177	3	23158.122	23.158122	False	0.432
1	177	4	15914.755	15.914755	False	0.42
1	177	5	17617.592	17.617592	False	0.503
1	177	6	17440.071	17.440071	False	0.427
1	177	7	17407.442	17.407442	False	0.482
1	177	8	12762.227	12.762227	False	0.445
1	177	9	14998.613	14.998613	False	0.133
1	177	10	7020.307	7.020307	False	0.419
1	178	1	10062.940	10.062940	False	0.133
1	178	2	18041.127	18.041127	False	0.412
1	178	3	12831.998	12.831998	False	0.133
1	178	4	9896.282	9.896282	False	0.133
1	178	5	14187.590	14.187590	False	0.433
1	178	6	17944.438	17.944438	False	0.403
1	178	7	16413.261	16.413261	False	0.44
1	178	8	2493.428	2.493428	False	0.133
1	178	9	17076.209	17.076209	False	0.46
1	178	10	25082.165	25.082165	False	0.466
1	178	11	15250.694	15.250694	False	0.133
1	178	12	19042.904	19.042904	False	0.397
1	178	13	16933.398	16.933398	False	0.437
1	178	14	13982.948	13.982948	False	0.498
1	178	15	19246.073	19.246073	False	0.439
1	178	16	12979.167	12.979167	False	0.133
1	178	17	15019.881	15.019881	False	0.454
1	178	18	18036.574	18.036574	False	0.428
1	178	19	16806.935	16.806935	False	0.439
1	179	1	12715.259	12.715259	True	0.755
1	180	1	15120.507	15.120507	False	0.516
1	180	2	20536.207	20.536207	False	0.448
1	180	3	16142.713	16.142713	False	0.521
1	180	4	5760.822	5.760822	False	0.524
1	180	5	11804.640	11.804640	True	0.853
1	181	1	12120.827	12.120827	False	0.133
1	181	2	15057.632	15.057632	False	0.616
1	181	3	13386.680	13.386680	False	0.613
1	181	4	18213.180	18.213180	False	0.49
1	181	5	3846.168	3.846168	True	0.946
1	182	1	13838.060	13.838060	False	0.552
1	182	2	7958.957	7.958957	False	0.612
1	182	3	14650.881	14.650881	False	0.595
1	182	4	17743.445	17.743445	False	0.468
1	182	5	2623.891	2.623891	False	0.612
1	182	6	22122.832	22.122832	False	0.527
1	182	7	15288.390	15.288390	False	0.612
1	183	1	15757.267	15.757267	False	0.444
1	183	2	2574.970	2.574970	False	0.444
1	183	3	16739.204	16.739204	False	0.499
1	183	4	2772.051	2.772051	False	0.444
1	183	5	1788.245	1.788245	False	0.444
1	183	6	17496.586	17.496586	False	0.483
1	183	7	9642.443	9.642443	False	0.133
1	183	8	11686.715	11.686715	False	0.444
1	184	1	11244.283	11.244283	False	0.133
1	184	2	9172.103	9.172103	False	0.133
1	184	3	6850.905	6.850905	False	0.427
1	184	4	9657.121	9.657121	False	0.427
1	184	5	1689.390	1.689390	False	0.427
1	184	6	19406.606	19.406606	False	0.456
1	184	7	9802.822	9.802822	False	0.133
1	184	8	3102.474	3.102474	False	0.427
1	184	9	9810.022	9.810022	False	0.133
1	184	10	26873.970	26.873970	False	0.533
1	184	11	16361.150	16.361150	False	0.133
1	184	12	3090.860	3.090860	False	0.427
1	184	13	2143.564	2.143564	False	0.427
1	184	14	19038.413	19.038413	False	0.463
1	184	15	2776.070	2.776070	False	0.427
1	185	1	12407.176	12.407176	False	0.133
1	185	2	16216.227	16.216227	False	0.507
1	185	3	30629.253	30.629253	False	0.542
1	185	4	13750.437	13.750437	False	0.482
1	185	5	47100.825	47.100825	False	0.463
1	185	6	19844.522	19.844522	False	0.438
1	185	7	15318.175	15.318175	False	0.459
1	185	8	11271.744	11.271744	False	0.476
1	186	1	15164.504	15.164504	True	0.804
1	187	1	15310.083	15.310083	False	0.439
1	187	2	10443.538	10.443538	False	0.133
1	187	3	21265.807	21.265807	False	0.43
1	187	4	27475.551	27.475551	False	0.49
1	187	5	2178.351	2.178351	False	0.43
1	187	6	3257.672	3.257672	False	0.43
1	187	7	16333.987	16.333987	False	0.517
1	187	8	17722.811	17.722811	False	0.479
1	187	9	15918.009	15.918009	False	0.439
1	187	10	14472.453	14.472453	False	0.133
1	187	11	15773.570	15.773570	False	0.448
1	187	12	2852.149	2.852149	False	0.43
1	188	1	15242.762	15.242762	False	0.447
1	188	2	10869.066	10.869066	False	0.133
1	188	3	46635.756	46.635756	False	0.42
1	188	4	17727.022	17.727022	False	0.432
1	188	5	31330.648	31.330648	True	0.785
1	189	1	12576.229	12.576229	False	0.133
1	189	2	52358.184	52.358184	False	0.428
1	189	3	13745.569	13.745569	False	0.435
1	189	4	35472.987	35.472987	False	0.469
1	189	5	17582.527	17.582527	False	0.431
1	189	6	16156.827	16.156827	False	0.405
1	189	7	23879.742	23.879742	False	0.133
1	189	8	15345.784	15.345784	False	0.385
1	189	9	2892.657	2.892657	False	0.405
1	190	1	2484.107	2.484107	False	0.133
1	190	2	12795.314	12.795314	False	0.133
1	190	3	1469.528	1.469528	False	0.133
1	190	4	10673.551	10.673551	False	0.467
1	190	5	14735.412	14.735412	False	0.401
1	190	6	12523.473	12.523473	False	0.39
1	190	7	13148.450	13.148450	False	0.133
1	190	8	10071.714	10.071714	False	0.133
1	190	9	2484.899	2.484899	False	0.133
1	191	1	15789.438	15.789438	False	0.133
1	191	2	9065.300	9.065300	False	0.133
1	191	3	15446.774	15.446774	False	0.463
1	191	4	18639.584	18.639584	False	0.41
1	191	5	8633.595	8.633595	False	0.404
1	191	6	9458.348	9.458348	False	0.499
1	191	7	1231.980	1.231980	False	0.404
1	191	8	2458.287	2.458287	False	0.404
1	191	9	15228.493	15.228493	False	0.44
1	191	10	3259.323	3.259323	False	0.404
1	191	11	10399.700	10.399700	False	0.133
1	192	1	7923.843	7.923843	False	0.543
1	192	2	15153.601	15.153601	False	0.445
1	192	3	15714.315	15.714315	False	0.557
1	192	4	4209.643	4.209643	False	0.543
1	192	5	17858.198	17.858198	False	0.559
1	192	6	38446.263	38.446263	True	0.844
1	193	1	7645.562	7.645562	False	0.574
1	193	2	12921.380	12.921380	True	0.922
1	194	1	23935.353	23.935353	False	0.496
1	194	2	17080.036	17.080036	False	0.423
1	194	3	1962.611	1.962611	False	0.133
1	194	4	14271.612	14.271612	False	0.133
1	194	5	16155.151	16.155151	False	0.501
1	194	6	15361.561	15.361561	False	0.501
1	195	1	11052.142	11.052142	False	0.133
1	195	2	17210.034	17.210034	False	0.499
1	195	3	18528.954	18.528954	False	0.556
1	195	4	12038.998	12.038998	False	0.133
1	195	5	12508.878	12.508878	False	0.133
1	195	6	1629.365	1.629365	False	0.133
1	195	7	2619.987	2.619987	False	0.133
1	196	1	25459.040	25.459040	False	0.558
1	196	2	8024.980	8.024980	False	0.579
1	196	3	20598.002	20.598002	False	0.499
1	196	4	18458.400	18.458400	False	0.595
1	196	5	2859.125	2.859125	False	0.579
1	196	6	16116.484	16.116484	False	0.571
1	196	7	39913.113	39.913113	False	0.54
1	196	8	20755.872	20.755872	False	0.133
1	196	9	32047.377	32.047377	True	0.949
1	197	1	14400.583	14.400583	False	0.47
1	197	2	19875.220	19.875220	False	0.472
1	197	3	20679.458	20.679458	False	0.459
1	197	4	18256.755	18.256755	True	0.724
1	198	1	13054.178	13.054178	False	0.133
1	198	2	24359.726	24.359726	False	0.454
1	198	3	2907.453	2.907453	False	0.133
1	198	4	16062.943	16.062943	False	0.133
1	198	5	12449.911	12.449911	False	0.133
1	198	6	19579.290	19.579290	False	0.133
1	199	1	20017.701	20.017701	False	0.414
1	199	2	20011.863	20.011863	False	0.435
1	199	3	2259.140	2.259140	False	0.414
1	199	4	27500.756	27.500756	False	0.405
1	199	5	15916.652	15.916652	False	0.133
1	199	6	15445.473	15.445473	False	0.432
1	199	7	14607.734	14.607734	False	0.44
1	200	1	16819.371	16.819371	False	0.462
1	200	2	11050.351	11.050351	False	0.133
1	200	3	16731.457	16.731457	False	0.447
1	200	4	18018.903	18.018903	False	0.446
1	200	5	11269.614	11.269614	False	0.133
1	200	6	2687.953	2.687953	False	0.446
1	201	1	23538.510	23.538510	False	0.532
1	201	2	13336.412	13.336412	False	0.133
1	201	3	4334.839	4.334839	False	0.133
1	201	4	13473.813	13.473813	False	0.503
1	201	5	18497.621	18.497621	False	0.497
1	201	6	17384.526	17.384526	False	0.436
1	202	1	20352.578	20.352578	False	0.474
1	202	2	9075.266	9.075266	False	0.434
1	202	3	10642.743	10.642743	False	0.434
1	202	4	12063.565	12.063565	False	0.133
1	202	5	13477.254	13.477254	False	0.133
1	202	6	2694.137	2.694137	False	0.434
1	203	1	8501.527	8.501527	False	0.441
1	203	2	1744.073	1.744073	False	0.441
1	203	3	16890.052	16.890052	False	0.445
1	203	4	16015.718	16.015718	False	0.443
1	203	5	14421.871	14.421871	False	0.443
1	203	6	7778.985	7.778985	False	0.133
1	204	1	6964.282	6.964282	False	0.44
1	204	2	2205.275	2.205275	False	0.44
1	204	3	12562.150	12.562150	False	0.133
1	204	4	11155.459	11.155459	False	0.44
1	204	5	2694.101	2.694101	False	0.44
1	204	6	2598.252	2.598252	False	0.44
1	205	1	18653.173	18.653173	False	0.436
1	205	2	21765.020	21.765020	False	0.47
1	205	3	17702.590	17.702590	False	0.438
1	205	4	16927.197	16.927197	False	0.439
1	205	5	12923.533	12.923533	False	0.468
1	205	6	3710.159	3.710159	False	0.133
1	205	7	13725.155	13.725155	False	0.133
1	206	1	11830.981	11.830981	False	0.133
1	206	2	18721.216	18.721216	False	0.438
1	206	3	15183.461	15.183461	False	0.133
1	206	4	11321.848	11.321848	False	0.438
1	206	5	15608.645	15.608645	False	0.42
1	206	6	16668.683	16.668683	False	0.387
1	206	7	7370.999	7.370999	False	0.133
1	207	1	11230.931	11.230931	False	0.44
1	207	2	2534.435	2.534435	False	0.44
1	207	3	11728.518	11.728518	False	0.133
1	207	4	13897.673	13.897673	False	0.133
1	207	5	2843.219	2.843219	False	0.44
1	207	6	14019.832	14.019832	False	0.44
1	208	1	13067.605	13.067605	False	0.133
1	208	2	15833.357	15.833357	False	0.464
1	208	3	2576.880	2.576880	False	0.133
1	208	4	12797.700	12.797700	False	0.448
1	208	5	14287.463	14.287463	False	0.133
1	208	6	13079.856	13.079856	False	0.133
1	208	7	12976.062	12.976062	False	0.133
1	209	1	8654.004	8.654004	False	0.133
1	209	2	16425.619	16.425619	False	0.444
1	209	3	2445.580	2.445580	False	0.133
1	209	4	1727.883	1.727883	False	0.133
1	209	5	20600.998	20.600998	False	0.432
1	209	6	12620.746	12.620746	False	0.133
1	209	7	11532.120	11.532120	False	0.133
1	210	1	11081.606	11.081606	False	0.133
1	210	2	17197.805	17.197805	False	0.545
1	210	3	11052.850	11.052850	False	0.133
1	210	4	2293.236	2.293236	False	0.133
1	210	5	23876.133	23.876133	False	0.538
1	210	6	10134.119	10.134119	False	0.133
1	210	7	17528.473	17.528473	False	0.424
1	211	1	15973.579	15.973579	False	0.133
1	211	2	11905.276	11.905276	False	0.133
1	211	3	13891.505	13.891505	False	0.133
1	211	4	13295.293	13.295293	True	0.804
1	212	1	15031.732	15.031732	False	0.133
1	212	2	3770.569	3.770569	False	0.133
1	212	3	18806.028	18.806028	False	0.444
1	212	4	4806.493	4.806493	False	0.133
1	212	5	4257.413	4.257413	False	0.133
1	212	6	16999.184	16.999184	False	0.547
1	212	7	13214.414	13.214414	False	0.133
1	212	8	16198.173	16.198173	True	0.876
1	213	1	16162.911	16.162911	False	0.133
1	213	2	13235.245	13.235245	False	0.133
1	213	3	12248.177	12.248177	False	0.133
1	213	4	30145.624	30.145624	False	0.393
1	213	5	14821.262	14.821262	False	0.133
1	213	6	11883.838	11.883838	False	0.133
1	213	7	10567.983	10.567983	False	0.484
1	213	8	15107.786	15.107786	False	0.403
1	213	9	13250.238	13.250238	False	0.133
1	213	10	2295.180	2.295180	False	0.133
1	213	11	11163.504	11.163504	False	0.133
1	213	12	19314.631	19.314631	False	0.451
1	214	1	24652.272	24.652272	True	0.758
1	215	1	9405.576	9.405576	False	0.434
1	215	2	11358.530	11.358530	False	0.133
1	215	3	10129.508	10.129508	False	0.133
1	215	4	3412.257	3.412257	False	0.434
1	215	5	2534.186	2.534186	False	0.434
1	215	6	2290.222	2.290222	False	0.434
1	216	1	13125.324	13.125324	False	0.133
1	216	2	14473.405	14.473405	False	0.133
1	216	3	15078.349	15.078349	False	0.133
1	216	4	18805.710	18.805710	False	0.434
1	216	5	21930.774	21.930774	False	0.438
1	216	6	9134.059	9.134059	False	0.443
1	216	7	14051.310	14.051310	False	0.42
1	216	8	17928.501	17.928501	False	0.453
1	216	9	12838.459	12.838459	False	0.443
1	216	10	12191.207	12.191207	False	0.443
1	216	11	10037.802	10.037802	False	0.133
1	216	12	8672.581	8.672581	False	0.133
1	216	13	2127.628	2.127628	False	0.443
1	217	1	13774.776	13.774776	False	0.452
1	217	2	20868.655	20.868655	False	0.468
1	217	3	17374.148	17.374148	False	0.439
1	217	4	19453.904	19.453904	False	0.418
1	217	5	18787.238	18.787238	False	0.441
1	217	6	15742.407	15.742407	False	0.422
1	217	7	9280.896	9.280896	False	0.436
1	218	1	17884.918	17.884918	False	0.133
1	218	2	17807.471	17.807471	False	0.413
1	218	3	8030.440	8.030440	False	0.438
1	218	4	2711.694	2.711694	False	0.438
1	218	5	18112.964	18.112964	False	0.133
1	218	6	16840.695	16.840695	False	0.452
1	218	7	12634.448	12.634448	False	0.434
1	218	8	12123.899	12.123899	False	0.133
1	218	9	2116.837	2.116837	False	0.438
1	218	10	21222.320	21.222320	False	0.513
1	218	11	10965.215	10.965215	False	0.438
1	218	12	2580.863	2.580863	False	0.438
1	218	13	19261.665	19.261665	False	0.428
1	218	14	16435.856	16.435856	False	0.493
1	218	15	12055.837	12.055837	False	0.438
1	219	1	17156.746	17.156746	False	0.415
1	219	2	16865.359	16.865359	False	0.389
1	219	3	15802.621	15.802621	False	0.133
1	219	4	2255.521	2.255521	False	0.133
1	219	5	15180.575	15.180575	False	0.133
1	219	6	18106.915	18.106915	False	0.516
1	219	7	13337.380	13.337380	False	0.133
1	219	8	16806.619	16.806619	False	0.468
1	219	9	12982.212	12.982212	False	0.133
1	219	10	1961.361	1.961361	False	0.133
1	219	11	13146.202	13.146202	False	0.133
1	220	1	20195.249	20.195249	False	0.53
1	220	2	17514.289	17.514289	False	0.4
1	220	3	18427.126	18.427126	False	0.406
1	220	4	12268.359	12.268359	False	0.449
1	220	5	11948.946	11.948946	False	0.449
1	220	6	27990.123	27.990123	False	0.474
1	221	1	18230.242	18.230242	False	0.133
1	221	2	3846.140	3.846140	False	0.133
1	221	3	20572.927	20.572927	False	0.494
1	221	4	21840.630	21.840630	True	0.758
1	222	1	8714.129	8.714129	False	0.438
1	222	2	10392.051	10.392051	False	0.438
1	222	3	13628.688	13.628688	False	0.133
1	222	4	1756.485	1.756485	False	0.438
1	222	5	15559.324	15.559324	False	0.446
1	222	6	11433.649	11.433649	False	0.133
1	223	1	11225.495	11.225495	False	0.133
1	223	2	4490.786	4.490786	False	0.133
1	223	3	14231.221	14.231221	False	0.133
1	223	4	24220.904	24.220904	True	0.756
1	224	1	20182.798	20.182798	False	0.133
1	224	2	3442.994	3.442994	False	0.133
1	224	3	1983.228	1.983228	False	0.133
1	224	4	18329.719	18.329719	False	0.428
1	224	5	17893.408	17.893408	False	0.429
1	224	6	16678.062	16.678062	False	0.47
1	224	7	21813.073	21.813073	False	0.5
1	224	8	14324.662	14.324662	False	0.445
1	224	9	4898.488	4.898488	False	0.133
1	224	10	4021.811	4.021811	False	0.133
1	224	11	8503.486	8.503486	False	0.133
1	224	12	2978.680	2.978680	False	0.133
1	225	1	15430.292	15.430292	False	0.43
1	225	2	15354.658	15.354658	False	0.431
1	225	3	13976.080	13.976080	False	0.434
1	225	4	21077.916	21.077916	False	0.454
1	225	5	15428.898	15.428898	False	0.483
1	225	6	17362.545	17.362545	False	0.431
1	225	7	18113.627	18.113627	False	0.494
1	225	8	15279.289	15.279289	False	0.133
1	225	9	2557.834	2.557834	False	0.431
1	225	10	21326.256	21.326256	False	0.378
1	225	11	13664.688	13.664688	False	0.457
1	225	12	18401.345	18.401345	False	0.415
1	226	1	17517.883	17.517883	True	0.811
1	227	1	12910.751	12.910751	True	0.789
1	228	1	11844.786	11.844786	False	0.133
1	228	2	9335.119	9.335119	False	0.437
1	228	3	5878.484	5.878484	False	0.437
1	228	4	2100.371	2.100371	False	0.437
1	228	5	16374.879	16.374879	False	0.451
1	228	6	2487.522	2.487522	False	0.437
1	228	7	16915.434	16.915434	False	0.494
1	228	8	2906.436	2.906436	False	0.437
1	228	9	2531.171	2.531171	False	0.437
1	228	10	3449.901	3.449901	False	0.437
1	228	11	10083.829	10.083829	False	0.133
1	228	12	2379.157	2.379157	False	0.437
1	229	1	12958.662	12.958662	False	0.133
1	229	2	3120.995	3.120995	False	0.133
1	229	3	9336.719	9.336719	False	0.434
1	229	4	22111.144	22.111144	False	0.535
1	229	5	10013.051	10.013051	False	0.133
1	229	6	15568.785	15.568785	False	0.452
1	229	7	15986.686	15.986686	False	0.133
1	229	8	8981.114	8.981114	False	0.133
1	229	9	3001.679	3.001679	False	0.133
1	230	1	4341.527	4.341527	False	0.133
1	230	2	11417.116	11.417116	False	0.133
1	230	3	19648.754	19.648754	False	0.447
1	230	4	23517.752	23.517752	False	0.534
1	230	5	18782.318	18.782318	False	0.365
1	230	6	16540.669	16.540669	False	0.408
1	230	7	2107.466	2.107466	False	0.133
1	230	8	12126.646	12.126646	False	0.133
1	230	9	2245.407	2.245407	False	0.133
1	231	1	8167.019	8.167019	False	0.133
1	231	2	13410.188	13.410188	False	0.133
1	231	3	18743.641	18.743641	False	0.133
1	231	4	4677.063	4.677063	False	0.133
1	232	1	10259.997	10.259997	False	0.133
1	232	2	6999.450	6.999450	False	0.444
1	232	3	7093.969	7.093969	False	0.133
1	232	4	10439.213	10.439213	False	0.133
1	232	5	15825.398	15.825398	False	0.451
1	232	6	2954.658	2.954658	False	0.444
1	232	7	5363.482	5.363482	False	0.444
1	233	1	4981.674	4.981674	False	0.133
1	233	2	17440.215	17.440215	False	0.44
1	233	3	17952.132	17.952132	False	0.45
1	233	4	18686.113	18.686113	False	0.47
1	233	5	2783.437	2.783437	False	0.133
1	233	6	2299.839	2.299839	False	0.133
1	233	7	2218.492	2.218492	False	0.133
1	233	8	12543.627	12.543627	False	0.44
1	233	9	4441.164	4.441164	False	0.133
1	234	1	13430.662	13.430662	False	0.133
1	234	2	4726.169	4.726169	False	0.133
1	234	3	17224.869	17.224869	False	0.398
1	234	4	9223.173	9.223173	False	0.133
1	234	5	12892.507	12.892507	False	0.133
1	234	6	12285.183	12.285183	False	0.133
1	234	7	9758.535	9.758535	False	0.133
1	235	1	21891.277	21.891277	False	0.382
1	235	2	8872.614	8.872614	False	0.467
1	235	3	10056.114	10.056114	False	0.133
1	235	4	12301.359	12.301359	False	0.133
1	235	5	16568.005	16.568005	False	0.44
1	235	6	15477.483	15.477483	False	0.133
1	235	7	9553.615	9.553615	False	0.133
1	236	1	4350.581	4.350581	False	0.133
1	236	2	2517.816	2.517816	False	0.133
1	236	3	3910.794	3.910794	False	0.133
1	236	4	13406.651	13.406651	False	0.133
1	237	1	4280.229	4.280229	False	0.133
1	237	2	15698.898	15.698898	False	0.432
1	237	3	16546.283	16.546283	False	0.452
1	237	4	2497.001	2.497001	False	0.133
1	237	5	14952.928	14.952928	False	0.446
1	237	6	25260.840	25.260840	False	0.393
1	237	7	14372.886	14.372886	False	0.133
1	237	8	2161.778	2.161778	False	0.133
1	238	1	10483.734	10.483734	False	0.133
1	238	2	11147.730	11.147730	False	0.133
1	238	3	4565.220	4.565220	False	0.133
1	238	4	2158.258	2.158258	False	0.133
1	239	1	18014.957	18.014957	False	0.442
1	239	2	18099.346	18.099346	False	0.133
1	239	3	4592.365	4.592365	False	0.442
1	239	4	2200.945	2.200945	False	0.442
1	239	5	2528.325	2.528325	False	0.442
1	239	6	3507.477	3.507477	False	0.442
1	240	1	7290.795	7.290795	False	0.432
1	240	2	11543.752	11.543752	False	0.133
1	240	3	2673.507	2.673507	False	0.432
1	240	4	16533.913	16.533913	False	0.441
1	240	5	4134.750	4.134750	False	0.432
1	240	6	2935.527	2.935527	False	0.432
1	241	1	10425.187	10.425187	False	0.45
1	241	2	14793.266	14.793266	False	0.133
1	241	3	16064.599	16.064599	False	0.442
1	241	4	11933.767	11.933767	False	0.133
1	241	5	4477.273	4.477273	False	0.133
1	241	6	2192.896	2.192896	False	0.133
1	242	1	9527.598	9.527598	False	0.133
1	242	2	17579.731	17.579731	False	0.398
1	242	3	4871.613	4.871613	False	0.133
1	242	4	16527.490	16.527490	False	0.133
1	242	5	14155.836	14.155836	False	0.133
1	242	6	9930.216	9.930216	False	0.133
1	243	1	16919.510	16.919510	False	0.378
1	243	2	14014.892	14.014892	False	0.431
1	243	3	18933.505	18.933505	False	0.133
1	243	4	4444.338	4.444338	False	0.133
1	243	5	27362.835	27.362835	False	0.431
1	243	6	18640.804	18.640804	False	0.387
1	243	7	15053.346	15.053346	False	0.433
1	244	1	11981.908	11.981908	False	0.133
1	244	2	18833.719	18.833719	False	0.554
1	244	3	12263.591	12.263591	False	0.133
1	244	4	3130.064	3.130064	False	0.133
1	244	5	13495.380	13.495380	False	0.44
1	244	6	12382.703	12.382703	False	0.133
1	244	7	11139.570	11.139570	False	0.431
1	245	1	6556.273	6.556273	False	0.133
1	245	2	16386.181	16.386181	False	0.519
1	245	3	9591.950	9.591950	False	0.133
1	245	4	13589.213	13.589213	False	0.133
1	245	5	12226.519	12.226519	False	0.133
1	245	6	11662.469	11.662469	False	0.133
1	246	1	16925.107	16.925107	False	0.46
1	246	2	4118.160	4.118160	False	0.133
1	246	3	18826.712	18.826712	False	0.434
1	246	4	10339.516	10.339516	False	0.133
1	246	5	14334.993	14.334993	False	0.488
1	246	6	17447.014	17.447014	False	0.443
1	246	7	10070.535	10.070535	False	0.434
1	246	8	7383.494	7.383494	False	0.133
1	246	9	2783.461	2.783461	False	0.133
1	246	10	14642.076	14.642076	False	0.133
1	247	1	19030.603	19.030603	False	0.433
1	247	2	13579.974	13.579974	False	0.441
1	247	3	13942.520	13.942520	False	0.438
1	247	4	15774.427	15.774427	False	0.494
1	247	5	11541.387	11.541387	False	0.133
1	247	6	13441.395	13.441395	False	0.441
1	247	7	11535.826	11.535826	False	0.438
1	247	8	3144.951	3.144951	False	0.438
1	247	9	16437.636	16.437636	False	0.461
1	248	1	15766.734	15.766734	False	0.459
1	248	2	8290.024	8.290024	False	0.44
1	248	3	16625.793	16.625793	False	0.348
1	248	4	16980.087	16.980087	False	0.444
1	248	5	16542.434	16.542434	False	0.444
1	248	6	10352.470	10.352470	False	0.133
1	249	1	9228.427	9.228427	False	0.429
1	249	2	12548.566	12.548566	False	0.133
1	249	3	2526.030	2.526030	False	0.429
1	249	4	14991.904	14.991904	False	0.133
1	249	5	17112.833	17.112833	False	0.441
1	249	6	25794.621	25.794621	False	0.518
1	249	7	19333.888	19.333888	False	0.48
1	249	8	18924.037	18.924037	False	0.133
1	249	9	2760.555	2.760555	False	0.429
1	249	10	16105.878	16.105878	False	0.433
1	249	11	19579.075	19.579075	False	0.446
1	250	1	17026.785	17.026785	False	0.372
1	250	2	16292.377	16.292377	False	0.509
1	250	3	14965.691	14.965691	False	0.385
1	250	4	17615.673	17.615673	False	0.396
1	250	5	8724.917	8.724917	False	0.424
1	250	6	12189.714	12.189714	False	0.424
1	250	7	5568.491	5.568491	False	0.424
1	251	1	6309.947	6.309947	False	0.422
1	251	2	14981.109	14.981109	False	0.133
1	251	3	12093.184	12.093184	False	0.422
1	251	4	14584.597	14.584597	False	0.343
1	251	5	18156.616	18.156616	False	0.133
1	251	6	2511.599	2.511599	False	0.422
1	252	1	8551.660	8.551660	False	0.427
1	252	2	1795.661	1.795661	False	0.427
1	252	3	23671.323	23.671323	False	0.46
1	252	4	8147.416	8.147416	False	0.133
1	252	5	18201.145	18.201145	False	0.43
1	252	6	2751.961	2.751961	False	0.427
1	252	7	15882.628	15.882628	False	0.428
1	252	8	19882.863	19.882863	False	0.385
1	253	1	17445.485	17.445485	False	0.363
1	253	2	22806.707	22.806707	False	0.416
1	253	3	7917.621	7.917621	False	0.416
1	253	4	18886.638	18.886638	False	0.446
1	253	5	16510.978	16.510978	False	0.393
1	253	6	10430.187	10.430187	False	0.133
1	253	7	10596.669	10.596669	False	0.416
1	253	8	17920.016	17.920016	False	0.425
1	253	9	17176.714	17.176714	False	0.382
1	254	1	18932.388	18.932388	False	0.447
1	254	2	19257.141	19.257141	False	0.349
1	254	3	9110.419	9.110419	False	0.415
1	254	4	18110.200	18.110200	False	0.405
1	254	5	2112.577	2.112577	False	0.415
1	254	6	11523.573	11.523573	False	0.415
1	255	1	16678.387	16.678387	False	0.363
1	255	2	3413.289	3.413289	False	0.133
1	255	3	19086.694	19.086694	False	0.39
1	255	4	14650.387	14.650387	False	0.36
1	255	5	27130.965	27.130965	False	0.45
1	255	6	17733.155	17.733155	False	0.432
1	255	7	17039.517	17.039517	False	0.402
1	255	8	30096.787	30.096787	False	0.471
1	255	9	14013.926	14.013926	False	0.486
1	255	10	5443.274	5.443274	False	0.133
1	255	11	18952.505	18.952505	False	0.453
1	255	12	16807.973	16.807973	False	0.511
1	255	13	17136.787	17.136787	False	0.516
1	255	14	14374.792	14.374792	True	0.816
1	256	1	21982.353	21.982353	False	0.405
1	256	2	18996.394	18.996394	False	0.399
1	256	3	11118.726	11.118726	False	0.133
1	256	4	17611.178	17.611178	False	0.443
1	256	5	20086.172	20.086172	False	0.431
1	256	6	17310.900	17.310900	False	0.354
1	256	7	4061.387	4.061387	False	0.431
1	256	8	20600.388	20.600388	True	0.786
1	257	1	14097.379	14.097379	False	0.133
1	257	2	18276.616	18.276616	False	0.362
1	257	3	6612.439	6.612439	False	0.43
1	257	4	15348.177	15.348177	False	0.393
1	257	5	8942.001	8.942001	False	0.133
1	257	6	20435.701	20.435701	False	0.405
1	257	7	1802.619	1.802619	False	0.43
1	257	8	3581.656	3.581656	False	0.43
1	258	1	20809.952	20.809952	False	0.379
1	258	2	16207.017	16.207017	False	0.435
1	258	3	16017.351	16.017351	False	0.365
1	258	4	15388.967	15.388967	False	0.423
1	258	5	19620.258	19.620258	False	0.458
1	258	6	17163.512	17.163512	False	0.453
1	258	7	8551.374	8.551374	False	0.435
1	258	8	18491.644	18.491644	False	0.411
1	258	9	19199.683	19.199683	False	0.433
1	258	10	21028.923	21.028923	False	0.41
1	259	1	14972.291	14.972291	False	0.457
1	259	2	14775.008	14.775008	False	0.44
1	259	3	21795.426	21.795426	False	0.414
1	259	4	16909.746	16.909746	False	0.411
1	259	5	19039.857	19.039857	False	0.432
1	259	6	19558.725	19.558725	False	0.455
1	260	1	7488.778	7.488778	False	0.424
1	260	2	19552.601	19.552601	False	0.42
1	260	3	14754.427	14.754427	False	0.444
1	260	4	17651.927	17.651927	False	0.497
1	260	5	14603.063	14.603063	False	0.356
1	260	6	8625.390	8.625390	False	0.133
1	260	7	2804.814	2.804814	False	0.424
1	260	8	18193.395	18.193395	False	0.361
1	260	9	19796.838	19.796838	False	0.428
1	261	1	10249.739	10.249739	False	0.133
1	261	2	13807.018	13.807018	False	0.381
1	261	3	15340.394	15.340394	False	0.428
1	261	4	21748.190	21.748190	False	0.45
1	261	5	6805.580	6.805580	False	0.422
1	261	6	16466.652	16.466652	False	0.469
1	261	7	4105.142	4.105142	False	0.422
1	261	8	15824.972	15.824972	False	0.433
1	261	9	18145.901	18.145901	False	0.428
1	261	10	17073.010	17.073010	False	0.378
1	261	11	8866.178	8.866178	False	0.133
1	262	1	19624.656	19.624656	False	0.436
1	262	2	7837.146	7.837146	False	0.435
1	262	3	2796.178	2.796178	False	0.435
1	262	4	18048.654	18.048654	False	0.453
1	262	5	2568.329	2.568329	False	0.435
1	262	6	2241.249	2.241249	False	0.435
1	262	7	10047.241	10.047241	False	0.435
1	262	8	11167.022	11.167022	False	0.435
1	262	9	10035.805	10.035805	False	0.133
1	263	1	18411.211	18.411211	False	0.447
1	263	2	10207.262	10.207262	False	0.133
1	263	3	15756.393	15.756393	False	0.388
1	263	4	19652.001	19.652001	False	0.43
1	263	5	8108.791	8.108791	False	0.426
1	263	6	17961.724	17.961724	False	0.518
1	263	7	10284.695	10.284695	False	0.133
1	263	8	9618.618	9.618618	False	0.133
1	263	9	13433.144	13.433144	False	0.37
1	263	10	2232.317	2.232317	False	0.426
1	263	11	11755.771	11.755771	False	0.426
1	264	1	11937.768	11.937768	False	0.133
1	264	2	13825.790	13.825790	False	0.133
1	264	3	9324.368	9.324368	False	0.133
1	264	4	18485.568	18.485568	False	0.36
1	264	5	7808.346	7.808346	False	0.423
1	264	6	17016.367	17.016367	False	0.395
1	264	7	11210.808	11.210808	False	0.133
1	264	8	2642.223	2.642223	False	0.423
1	264	9	15616.935	15.616935	False	0.442
1	264	10	11446.844	11.446844	False	0.133
1	264	11	15654.560	15.654560	False	0.444
1	264	12	18475.543	18.475543	False	0.39
1	264	13	1952.757	1.952757	False	0.423
1	264	14	16755.844	16.755844	False	0.373
1	265	1	11078.206	11.078206	False	0.133
1	265	2	11839.617	11.839617	False	0.133
1	265	3	20090.649	20.090649	False	0.431
1	265	4	20976.270	20.976270	False	0.418
1	265	5	19501.118	19.501118	False	0.494
1	265	6	7945.123	7.945123	False	0.431
1	265	7	2931.616	2.931616	False	0.431
1	265	8	7721.003	7.721003	False	0.431
1	265	9	19638.810	19.638810	False	0.377
1	265	10	2504.496	2.504496	False	0.431
1	266	1	8148.472	8.148472	False	0.429
1	266	2	16955.737	16.955737	False	0.417
1	266	3	16874.407	16.874407	False	0.36
1	266	4	17870.287	17.870287	False	0.399
1	266	5	17513.091	17.513091	False	0.358
1	266	6	10261.405	10.261405	False	0.133
1	267	1	18359.861	18.359861	False	0.435
1	267	2	16729.026	16.729026	False	0.422
1	267	3	12747.038	12.747038	False	0.427
1	267	4	12720.670	12.720670	False	0.406
1	267	5	17892.861	17.892861	False	0.345
1	267	6	20485.791	20.485791	False	0.405
1	268	1	7436.021	7.436021	False	0.422
1	268	2	21047.338	21.047338	False	0.453
1	268	3	20333.900	20.333900	False	0.374
1	268	4	17513.562	17.513562	False	0.425
1	268	5	4032.129	4.032129	False	0.422
1	268	6	11418.906	11.418906	False	0.133
1	268	7	19007.089	19.007089	False	0.371
1	269	1	16060.186	16.060186	False	0.416
1	269	2	10648.447	10.648447	False	0.133
1	269	3	14240.587	14.240587	False	0.423
1	269	4	14134.341	14.134341	False	0.422
1	269	5	10763.991	10.763991	False	0.412
1	269	6	12644.955	12.644955	False	0.422
1	270	1	17469.720	17.469720	False	0.448
1	270	2	8984.190	8.984190	False	0.133
1	270	3	9492.554	9.492554	False	0.416
1	270	4	16103.129	16.103129	False	0.133
1	270	5	11977.814	11.977814	False	0.416
1	270	6	16169.965	16.169965	False	0.343
1	271	1	21486.260	21.486260	False	0.454
1	271	2	22223.658	22.223658	False	0.443
1	271	3	19727.686	19.727686	False	0.41
1	271	4	17998.602	17.998602	False	0.384
1	271	5	17431.181	17.431181	False	0.433
1	271	6	11241.584	11.241584	False	0.418
1	272	1	29496.109	29.496109	False	0.438
1	272	2	18209.193	18.209193	False	0.488
1	272	3	17637.556	17.637556	False	0.419
1	272	4	3012.998	3.012998	False	0.419
1	272	5	15660.873	15.660873	False	0.431
1	272	6	16835.062	16.835062	False	0.383
1	272	7	2743.094	2.743094	False	0.419
1	273	1	17085.102	17.085102	False	0.415
1	273	2	17281.456	17.281456	False	0.408
1	273	3	12568.818	12.568818	False	0.133
1	273	4	13850.440	13.850440	False	0.446
1	273	5	16526.169	16.526169	False	0.422
1	273	6	14694.788	14.694788	False	0.433
1	273	7	13753.047	13.753047	False	0.422
1	273	8	2367.060	2.367060	False	0.422
1	273	9	11302.987	11.302987	False	0.422
1	274	1	19396.228	19.396228	False	0.456
1	274	2	15122.440	15.122440	False	0.45
1	274	3	18947.359	18.947359	False	0.44
1	274	4	18415.429	18.415429	False	0.445
1	274	5	14682.957	14.682957	False	0.426
1	274	6	3472.536	3.472536	False	0.426
1	275	1	15497.073	15.497073	False	0.486
1	275	2	20850.729	20.850729	False	0.512
1	275	3	15508.720	15.508720	True	0.826
1	276	1	7221.673	7.221673	False	0.133
1	276	2	8578.310	8.578310	False	0.441
1	276	3	16840.904	16.840904	False	0.133
1	276	4	14202.707	14.202707	False	0.451
1	276	5	2641.245	2.641245	False	0.441
1	276	6	13642.541	13.642541	False	0.441
1	276	7	9763.532	9.763532	False	0.441
1	277	1	12054.805	12.054805	False	0.133
1	277	2	14836.677	14.836677	False	0.365
1	277	3	7717.828	7.717828	False	0.433
1	277	4	18143.479	18.143479	False	0.456
1	277	5	13831.416	13.831416	False	0.368
1	277	6	20199.931	20.199931	False	0.42
1	277	7	17028.103	17.028103	False	0.411
1	277	8	17392.154	17.392154	False	0.444
1	277	9	13150.645	13.150645	False	0.44
1	278	1	8331.765	8.331765	False	0.429
1	278	2	22795.363	22.795363	False	0.447
1	278	3	2752.682	2.752682	False	0.429
1	278	4	2515.842	2.515842	False	0.429
1	278	5	2752.053	2.752053	False	0.429
1	278	6	17520.877	17.520877	False	0.409
1	278	7	16606.665	16.606665	False	0.446
1	279	1	14699.418	14.699418	False	0.446
1	279	2	14028.893	14.028893	False	0.444
1	279	3	18696.714	18.696714	False	0.439
1	279	4	17508.603	17.508603	False	0.489
1	279	5	17253.413	17.253413	False	0.459
1	279	6	19306.091	19.306091	False	0.434
1	279	7	9964.409	9.964409	False	0.434
1	279	8	18969.528	18.969528	False	0.453
1	279	9	6861.063	6.861063	False	0.428
1	280	1	8817.686	8.817686	False	0.42
1	280	2	2553.364	2.553364	False	0.42
1	280	3	14491.433	14.491433	False	0.371
1	280	4	14211.686	14.211686	False	0.446
1	280	5	16461.253	16.461253	False	0.441
1	280	6	11086.574	11.086574	False	0.133
1	280	7	10748.740	10.748740	False	0.42
1	280	8	2746.936	2.746936	False	0.42
1	280	9	2273.685	2.273685	False	0.42
1	281	1	14615.437	14.615437	False	0.44
1	281	2	7044.056	7.044056	False	0.434
1	281	3	13920.648	13.920648	False	0.133
1	281	4	15627.839	15.627839	False	0.455
1	281	5	15276.214	15.276214	False	0.133
1	281	6	18387.897	18.387897	False	0.377
1	281	7	2436.912	2.436912	False	0.434
1	281	8	13302.608	13.302608	False	0.434
1	281	9	15846.768	15.846768	False	0.409
1	282	1	15065.076	15.065076	False	0.453
1	282	2	18361.122	18.361122	False	0.414
1	282	3	19314.909	19.314909	False	0.471
1	282	4	15512.714	15.512714	False	0.407
1	282	5	17245.374	17.245374	False	0.487
1	282	6	16041.676	16.041676	False	0.133
1	282	7	12939.543	12.939543	False	0.398
1	282	8	17266.741	17.266741	False	0.459
1	282	9	14488.688	14.488688	False	0.133
1	282	10	7459.962	7.459962	False	0.413
1	283	1	3471.430	3.471430	False	0.133
1	283	2	15680.173	15.680173	False	0.38
1	283	3	16709.247	16.709247	False	0.379
1	283	4	9221.255	9.221255	False	0.133
1	283	5	2273.444	2.273444	False	0.133
1	283	6	25210.002	25.210002	False	0.44
1	283	7	17969.226	17.969226	False	0.447
1	283	8	12445.648	12.445648	False	0.133
1	283	9	14397.631	14.397631	False	0.4
1	283	10	2136.428	2.136428	False	0.133
1	283	11	18808.304	18.808304	False	0.45
1	284	1	15941.101	15.941101	False	0.447
1	284	2	16668.498	16.668498	False	0.444
1	284	3	8051.388	8.051388	False	0.439
1	284	4	11163.093	11.163093	False	0.439
1	284	5	23433.329	23.433329	False	0.476
1	284	6	21941.896	21.941896	False	0.423
1	284	7	15574.034	15.574034	False	0.133
1	284	8	17505.233	17.505233	False	0.502
1	284	9	15971.248	15.971248	False	0.416
1	284	10	3089.803	3.089803	False	0.439
1	284	11	13321.598	13.321598	False	0.439
1	284	12	2221.279	2.221279	False	0.439
1	284	13	19008.911	19.008911	False	0.433
1	285	1	16401.389	16.401389	False	0.441
1	285	2	13550.571	13.550571	False	0.473
1	285	3	3176.262	3.176262	False	0.441
1	285	4	2454.515	2.454515	False	0.441
1	285	5	17356.298	17.356298	False	0.467
1	285	6	11200.628	11.200628	False	0.441
1	285	7	8151.353	8.151353	False	0.133
1	286	1	16194.777	16.194777	False	0.441
1	286	2	11634.415	11.634415	False	0.441
1	286	3	13548.970	13.548970	False	0.343
1	286	4	6281.377	6.281377	False	0.43
1	286	5	13380.410	13.380410	False	0.133
1	286	6	15755.560	15.755560	False	0.454
1	286	7	16806.083	16.806083	False	0.443
1	286	8	12586.685	12.586685	False	0.43
1	286	9	15919.750	15.919750	False	0.388
1	286	10	18554.177	18.554177	False	0.355
1	286	11	17075.976	17.075976	False	0.406
1	287	1	21199.019	21.199019	False	0.409
1	287	2	15867.296	15.867296	False	0.445
1	287	3	17370.898	17.370898	False	0.445
1	287	4	14792.854	14.792854	False	0.466
1	287	5	8740.067	8.740067	False	0.133
1	287	6	7819.820	7.819820	False	0.446
1	287	7	2854.953	2.854953	False	0.446
1	287	8	9813.217	9.813217	False	0.133
1	287	9	2295.667	2.295667	False	0.446
1	288	1	15238.844	15.238844	False	0.453
1	288	2	15374.313	15.374313	False	0.425
1	288	3	15549.944	15.549944	False	0.409
1	288	4	7863.240	7.863240	False	0.441
1	288	5	17604.810	17.604810	False	0.47
1	288	6	10210.383	10.210383	False	0.441
1	288	7	2275.917	2.275917	False	0.441
1	288	8	2756.556	2.756556	False	0.441
1	288	9	19157.011	19.157011	False	0.425
1	288	10	12222.279	12.222279	False	0.441
1	289	1	18711.588	18.711588	False	0.374
1	289	2	18131.974	18.131974	False	0.447
1	289	3	15050.710	15.050710	False	0.436
1	289	4	7489.192	7.489192	False	0.44
1	289	5	2062.266	2.062266	False	0.44
1	289	6	14967.733	14.967733	False	0.133
1	289	7	13345.060	13.345060	False	0.44
1	290	1	13139.280	13.139280	False	0.465
1	290	2	15736.127	15.736127	False	0.445
1	290	3	13762.138	13.762138	False	0.436
1	290	4	20534.968	20.534968	False	0.472
1	290	5	17042.941	17.042941	False	0.428
1	290	6	2712.986	2.712986	False	0.436
1	291	1	15132.534	15.132534	False	0.474
1	291	2	12036.834	12.036834	False	0.133
1	291	3	13529.126	13.529126	False	0.399
1	291	4	18368.744	18.368744	False	0.461
1	291	5	8721.476	8.721476	False	0.436
1	291	6	14397.996	14.397996	False	0.418
1	292	1	18395.397	18.395397	False	0.412
1	292	2	15940.714	15.940714	False	0.443
1	292	3	16967.198	16.967198	False	0.133
1	292	4	16105.834	16.105834	False	0.446
1	292	5	19169.007	19.169007	False	0.418
1	292	6	9013.303	9.013303	False	0.438
1	292	7	15669.310	15.669310	False	0.483
1	292	8	18158.894	18.158894	False	0.395
1	292	9	13529.343	13.529343	False	0.133
1	292	10	11729.007	11.729007	False	0.446
1	292	11	17607.729	17.607729	False	0.433
1	292	12	16168.289	16.168289	False	0.441
1	293	1	18858.803	18.858803	False	0.425
1	293	2	16698.269	16.698269	False	0.413
1	293	3	7545.228	7.545228	False	0.435
1	293	4	13030.826	13.030826	False	0.406
1	293	5	17237.398	17.237398	False	0.454
1	293	6	19118.951	19.118951	False	0.452
1	293	7	21956.163	21.956163	False	0.494
1	293	8	16469.524	16.469524	False	0.463
1	293	9	16804.991	16.804991	False	0.422
1	293	10	19894.791	19.894791	False	0.412
1	293	11	16609.057	16.609057	False	0.404
1	293	12	18499.913	18.499913	False	0.449
1	294	1	17063.778	17.063778	False	0.46
1	294	2	7802.326	7.802326	False	0.429
1	294	3	2299.801	2.299801	False	0.429
1	294	4	12202.977	12.202977	False	0.429
1	294	5	20167.215	20.167215	False	0.475
1	294	6	15571.519	15.571519	False	0.422
1	294	7	4118.013	4.118013	False	0.429
1	294	8	13409.027	13.409027	False	0.392
1	294	9	13145.544	13.145544	False	0.429
1	294	10	11924.097	11.924097	False	0.455
1	295	1	15325.049	15.325049	False	0.459
1	295	2	7833.659	7.833659	False	0.416
1	295	3	2986.540	2.986540	False	0.416
1	295	4	15583.218	15.583218	False	0.384
1	295	5	16919.042	16.919042	False	0.344
1	295	6	2670.357	2.670357	False	0.416
1	296	1	15678.606	15.678606	False	0.133
1	296	2	6908.937	6.908937	False	0.426
1	296	3	13307.731	13.307731	False	0.133
1	296	4	14849.080	14.849080	False	0.43
1	296	5	22111.335	22.111335	False	0.467
1	296	6	2864.918	2.864918	False	0.426
1	296	7	18380.837	18.380837	False	0.428
1	296	8	23079.757	23.079757	False	0.437
1	296	9	16092.926	16.092926	False	0.399
1	296	10	2455.642	2.455642	False	0.426
1	297	1	15810.245	15.810245	False	0.426
1	297	2	18304.175	18.304175	False	0.428
1	297	3	16621.558	16.621558	False	0.421
1	297	4	9041.346	9.041346	False	0.412
1	297	5	20695.868	20.695868	False	0.439
1	297	6	2590.276	2.590276	False	0.421
1	297	7	15289.937	15.289937	False	0.421
1	297	8	14543.918	14.543918	True	0.757
1	298	1	16420.492	16.420492	False	0.436
1	298	2	18369.736	18.369736	False	0.351
1	298	3	21542.380	21.542380	False	0.4
1	298	4	7872.711	7.872711	False	0.43
1	298	5	15781.972	15.781972	False	0.39
1	298	6	19034.591	19.034591	False	0.357
1	299	1	17066.723	17.066723	False	0.448
1	299	2	17922.278	17.922278	False	0.428
1	299	3	16736.034	16.736034	False	0.481
1	299	4	17301.838	17.301838	False	0.456
1	299	5	17127.417	17.127417	False	0.345
1	299	6	2506.455	2.506455	False	0.428
1	299	7	14225.561	14.225561	False	0.133
1	299	8	15767.054	15.767054	False	0.444
1	300	1	21928.699	21.928699	False	0.491
1	300	2	25378.141	25.378141	True	0.776
1	301	1	2174.280	2.174280	False	0.133
1	301	2	13675.915	13.675915	False	0.133
1	301	3	14766.260	14.766260	False	0.133
1	301	4	11019.960	11.019960	True	0.821
1	302	1	4373.423	4.373423	False	0.133
1	302	2	2149.556	2.149556	False	0.133
1	302	3	12968.788	12.968788	False	0.133
1	302	4	10532.677	10.532677	False	0.133
1	303	1	14094.805	14.094805	False	0.133
1	303	2	13283.640	13.283640	False	0.133
1	303	3	12299.477	12.299477	False	0.133
1	303	4	12979.886	12.979886	False	0.133
1	304	1	15118.195	15.118195	False	0.396
1	304	2	6990.964	6.990964	False	0.42
1	304	3	16850.162	16.850162	False	0.42
1	304	4	2762.078	2.762078	False	0.42
1	304	5	15617.701	15.617701	False	0.393
1	304	6	19180.057	19.180057	False	0.433
1	304	7	2677.296	2.677296	False	0.42
1	304	8	26964.128	26.964128	False	0.421
1	304	9	3124.658	3.124658	False	0.42
1	304	10	15905.704	15.905704	False	0.133
1	304	11	31221.984	31.221984	False	0.449
1	304	12	2711.831	2.711831	False	0.42
1	304	13	1831.320	1.831320	False	0.42
1	304	14	15114.987	15.114987	False	0.42
1	304	15	5242.762	5.242762	False	0.42
1	304	16	12788.884	12.788884	False	0.42
1	305	1	18369.934	18.369934	False	0.452
1	305	2	3024.397	3.024397	False	0.452
1	305	3	22554.843	22.554843	False	0.539
1	305	4	12215.293	12.215293	False	0.452
1	305	5	2103.760	2.103760	False	0.452
1	305	6	13741.160	13.741160	False	0.401
1	305	7	12427.367	12.427367	False	0.406
1	305	8	16107.127	16.107127	False	0.411
1	306	1	27754.514	27.754514	False	0.488
1	306	2	5009.118	5.009118	False	0.133
1	306	3	21056.386	21.056386	False	0.551
1	306	4	11064.967	11.064967	False	0.133
1	306	5	28576.764	28.576764	True	0.84
1	307	1	15629.882	15.629882	False	0.133
1	307	2	10945.054	10.945054	False	0.133
1	307	3	19894.543	19.894543	False	0.411
1	307	4	11495.509	11.495509	False	0.133
1	307	5	11091.550	11.091550	False	0.133
1	307	6	11398.303	11.398303	False	0.133
1	307	7	2492.819	2.492819	False	0.133
1	308	1	7546.915	7.546915	False	0.503
1	308	2	12278.268	12.278268	False	0.503
1	308	3	11827.009	11.827009	False	0.503
1	308	4	3064.651	3.064651	False	0.503
1	308	5	17701.383	17.701383	False	0.418
1	308	6	23492.747	23.492747	False	0.485
1	309	1	14644.424	14.644424	False	0.133
1	309	2	16423.692	16.423692	False	0.516
1	309	3	2465.486	2.465486	False	0.133
1	309	4	15758.404	15.758404	False	0.434
1	309	5	15364.952	15.364952	False	0.438
1	309	6	16909.311	16.909311	False	0.524
1	309	7	2609.092	2.609092	False	0.133
1	310	1	11653.464	11.653464	False	0.133
1	310	2	9604.788	9.604788	False	0.133
1	310	3	8139.886	8.139886	False	0.133
1	310	4	13064.811	13.064811	False	0.133
1	311	1	8978.198	8.978198	False	0.133
1	311	2	8869.807	8.869807	False	0.133
1	311	3	10320.133	10.320133	False	0.133
1	311	4	2522.292	2.522292	False	0.133
1	312	1	16543.299	16.543299	False	0.422
1	312	2	15601.306	15.601306	False	0.396
1	312	3	8905.191	8.905191	False	0.432
1	312	4	18153.045	18.153045	False	0.407
1	312	5	1945.615	1.945615	False	0.432
1	312	6	18172.029	18.172029	False	0.349
1	313	1	4191.128	4.191128	False	0.133
1	313	2	15659.932	15.659932	False	0.358
1	313	3	3109.163	3.109163	False	0.133
1	313	4	1853.936	1.853936	False	0.133
1	313	5	15850.839	15.850839	False	0.391
1	313	6	13303.132	13.303132	False	0.133
1	313	7	50459.412	50.459412	False	0.417
1	313	8	14658.886	14.658886	False	0.432
1	313	9	2250.305	2.250305	False	0.133
1	313	10	11581.082	11.581082	False	0.133
1	313	11	2412.496	2.412496	False	0.133
1	313	12	13790.577	13.790577	False	0.133
1	314	1	23129.060	23.129060	False	0.402
1	314	2	18432.511	18.432511	False	0.133
1	314	3	17647.207	17.647207	False	0.402
1	314	4	20858.794	20.858794	False	0.405
1	314	5	17967.142	17.967142	False	0.133
1	314	6	7661.827	7.661827	False	0.133
1	315	1	18371.111	18.371111	False	0.376
1	315	2	12679.565	12.679565	False	0.414
1	315	3	18104.710	18.104710	False	0.349
1	315	4	15695.374	15.695374	False	0.397
1	315	5	8918.003	8.918003	False	0.382
1	315	6	18121.410	18.121410	False	0.404
1	315	7	18847.321	18.847321	False	0.409
1	316	1	21176.528	21.176528	False	0.414
1	316	2	11280.229	11.280229	False	0.133
1	316	3	14039.125	14.039125	False	0.133
1	316	4	16753.549	16.753549	False	0.392
1	316	5	12020.443	12.020443	False	0.133
1	316	6	13063.259	13.063259	False	0.44
1	316	7	11544.391	11.544391	False	0.133
1	316	8	10870.784	10.870784	False	0.414
1	316	9	15423.012	15.423012	False	0.424
1	316	10	16546.923	16.546923	False	0.405
1	316	11	2457.517	2.457517	False	0.414
1	317	1	19149.096	19.149096	False	0.384
1	317	2	14062.712	14.062712	False	0.133
1	317	3	4366.458	4.366458	False	0.133
1	317	4	2941.755	2.941755	False	0.133
1	317	5	2067.559	2.067559	False	0.133
1	318	1	19490.334	19.490334	False	0.507
1	318	2	19992.699	19.992699	True	0.777
1	319	1	39432.134	39.432134	False	0.391
1	319	2	20215.504	20.215504	False	0.41
1	319	3	3908.586	3.908586	False	0.133
1	319	4	10779.969	10.779969	False	0.133
1	319	5	14155.194	14.155194	False	0.133
1	319	6	12366.736	12.366736	False	0.133
1	320	1	23110.744	23.110744	True	0.761
1	321	1	16851.375	16.851375	False	0.399
1	321	2	4406.791	4.406791	False	0.133
1	321	3	18950.504	18.950504	False	0.43
1	321	4	12722.072	12.722072	False	0.133
1	321	5	18014.832	18.014832	False	0.42
1	321	6	12702.120	12.702120	False	0.419
1	321	7	14959.942	14.959942	False	0.133
1	321	8	19833.335	19.833335	False	0.408
1	322	1	14926.635	14.926635	False	0.446
1	322	2	17132.111	17.132111	False	0.438
1	322	3	18134.446	18.134446	False	0.469
1	322	4	16040.254	16.040254	False	0.458
1	322	5	14692.918	14.692918	False	0.133
1	322	6	2069.537	2.069537	False	0.469
1	322	7	1750.776	1.750776	False	0.469
1	322	8	10621.131	10.621131	False	0.133
1	323	1	24739.637	24.739637	True	0.625
1	324	1	25987.675	25.987675	False	0.433
1	324	2	17312.533	17.312533	False	0.38
1	324	3	15178.562	15.178562	False	0.437
1	324	4	3286.253	3.286253	False	0.433
1	324	5	13605.068	13.605068	False	0.433
1	324	6	8010.227	8.010227	False	0.433
1	325	1	19190.926	19.190926	False	0.454
1	325	2	17881.145	17.881145	False	0.434
1	325	3	7669.436	7.669436	False	0.47
1	325	4	30505.556	30.505556	True	0.728
1	326	1	26327.435	26.327435	True	0.757
1	327	1	14010.654	14.010654	False	0.418
1	327	2	12351.801	12.351801	False	0.133
1	327	3	5209.969	5.209969	False	0.133
1	327	4	8659.164	8.659164	False	0.133
1	327	5	20977.262	20.977262	False	0.438
1	327	6	11452.663	11.452663	False	0.133
1	327	7	2679.034	2.679034	False	0.133
1	327	8	10149.170	10.149170	False	0.133
1	327	9	3854.767	3.854767	False	0.133
1	328	1	13865.910	13.865910	False	0.133
1	328	2	13108.885	13.108885	False	0.133
1	328	3	10724.494	10.724494	False	0.133
1	328	4	6998.177	6.998177	False	0.415
1	328	5	15797.289	15.797289	False	0.366
1	328	6	2150.259	2.150259	False	0.415
1	328	7	19721.969	19.721969	False	0.459
1	328	8	16086.230	16.086230	False	0.429
1	328	9	2489.631	2.489631	False	0.415
1	328	10	2284.721	2.284721	False	0.415
1	328	11	2554.076	2.554076	False	0.415
1	328	12	29983.001	29.983001	True	0.702
1	329	1	15222.803	15.222803	False	0.391
1	329	2	14183.401	14.183401	False	0.411
1	329	3	14302.434	14.302434	False	0.133
1	329	4	13012.192	13.012192	False	0.133
1	329	5	15695.716	15.695716	False	0.429
1	329	6	14643.862	14.643862	False	0.421
1	329	7	2132.467	2.132467	False	0.133
1	329	8	13702.981	13.702981	False	0.431
1	329	9	1813.488	1.813488	False	0.133
1	329	10	16387.530	16.387530	False	0.397
1	330	1	17900.284	17.900284	False	0.439
1	330	2	7732.111	7.732111	False	0.461
1	330	3	17419.304	17.419304	False	0.458
1	330	4	4369.482	4.369482	False	0.461
1	330	5	3858.428	3.858428	False	0.461
1	330	6	14829.384	14.829384	False	0.498
1	330	7	11481.496	11.481496	False	0.458
1	330	8	15134.606	15.134606	False	0.461
1	330	9	4210.948	4.210948	False	0.461
1	330	10	27752.263	27.752263	False	0.133
1	330	11	1488.832	1.488832	False	0.461
1	331	1	20287.919	20.287919	False	0.452
1	331	2	12185.804	12.185804	False	0.133
1	331	3	17052.170	17.052170	False	0.437
1	331	4	22545.513	22.545513	False	0.456
1	331	5	10854.393	10.854393	False	0.133
1	331	6	14242.065	14.242065	False	0.468
1	331	7	3890.257	3.890257	False	0.133
1	331	8	12076.945	12.076945	False	0.133
1	331	9	14295.817	14.295817	False	0.133
1	331	10	17601.402	17.601402	False	0.133
1	332	1	12926.623	12.926623	False	0.424
1	332	2	18821.684	18.821684	False	0.422
1	332	3	11438.672	11.438672	False	0.133
1	332	4	14905.984	14.905984	False	0.451
1	332	5	15308.606	15.308606	False	0.439
1	332	6	11358.393	11.358393	False	0.133
1	332	7	10760.096	10.760096	False	0.133
1	332	8	12215.084	12.215084	False	0.133
1	332	9	10600.185	10.600185	False	0.133
1	333	1	15677.979	15.677979	False	0.133
1	333	2	17658.586	17.658586	False	0.445
1	333	3	15707.943	15.707943	False	0.397
1	333	4	4624.367	4.624367	False	0.133
1	333	5	18221.618	18.221618	False	0.415
1	333	6	13645.070	13.645070	False	0.133
1	333	7	15268.172	15.268172	False	0.133
1	334	1	22537.142	22.537142	False	0.486
1	334	2	15608.129	15.608129	False	0.441
1	334	3	4436.993	4.436993	False	0.133
1	334	4	20511.041	20.511041	False	0.472
1	334	5	1752.097	1.752097	False	0.133
1	334	6	3286.308	3.286308	False	0.133
1	335	1	24490.174	24.490174	False	0.133
1	335	2	14595.884	14.595884	False	0.52
1	335	3	18771.755	18.771755	False	0.476
1	335	4	19462.594	19.462594	False	0.511
1	335	5	19121.802	19.121802	False	0.526
1	335	6	12073.114	12.073114	False	0.133
1	335	7	21060.269	21.060269	False	0.501
1	336	1	20347.021	20.347021	True	0.889
1	337	1	12627.125	12.627125	False	0.133
1	337	2	4126.230	4.126230	False	0.133
1	337	3	2816.297	2.816297	False	0.133
1	337	4	12721.214	12.721214	False	0.133
1	338	1	13767.262	13.767262	False	0.411
1	338	2	16748.342	16.748342	False	0.391
1	338	3	12202.439	12.202439	False	0.133
1	338	4	2905.353	2.905353	False	0.133
1	338	5	2443.745	2.443745	False	0.133
1	338	6	15867.169	15.867169	False	0.133
1	339	1	3823.766	3.823766	False	0.133
1	339	2	16180.943	16.180943	False	0.133
1	339	3	5944.025	5.944025	False	0.133
1	339	4	25522.111	25.522111	False	0.459
1	339	5	3023.324	3.023324	False	0.133
1	339	6	11022.714	11.022714	False	0.133
1	339	7	19372.309	19.372309	False	0.133
1	339	8	2623.458	2.623458	False	0.133
1	340	1	11910.871	11.910871	False	0.507
1	340	2	19270.140	19.270140	True	0.869
1	341	1	3270.562	3.270562	False	0.133
1	341	2	16716.186	16.716186	False	0.506
1	341	3	1804.578	1.804578	False	0.133
1	341	4	22583.081	22.583081	True	0.826
1	342	1	11525.914	11.525914	False	0.133
1	342	2	17235.490	17.235490	False	0.392
1	342	3	15973.273	15.973273	False	0.444
1	342	4	11353.743	11.353743	False	0.133
1	342	5	20329.525	20.329525	False	0.453
1	342	6	26933.476	26.933476	False	0.406
1	342	7	11656.768	11.656768	False	0.133
1	342	8	14782.624	14.782624	False	0.133
1	343	1	10350.694	10.350694	False	0.133
1	343	2	11945.406	11.945406	False	0.133
1	343	3	14988.702	14.988702	False	0.559
1	343	4	11072.468	11.072468	False	0.133
1	343	5	22874.706	22.874706	False	0.133
1	343	6	16327.119	16.327119	False	0.504
1	343	7	15291.731	15.291731	False	0.46
1	343	8	9131.085	9.131085	False	0.133
1	344	1	17005.118	17.005118	False	0.494
1	344	2	14905.713	14.905713	False	0.492
1	344	3	15985.777	15.985777	False	0.486
1	344	4	7942.245	7.942245	False	0.492
1	344	5	2523.770	2.523770	False	0.492
1	344	6	20495.758	20.495758	False	0.494
1	345	1	14764.056	14.764056	False	0.416
1	345	2	10201.891	10.201891	False	0.133
1	345	3	2512.246	2.512246	False	0.133
1	345	4	18162.637	18.162637	False	0.428
1	345	5	15077.877	15.077877	False	0.133
1	345	6	13534.849	13.534849	False	0.133
1	345	7	2597.052	2.597052	False	0.133
1	345	8	14533.995	14.533995	False	0.403
1	345	9	17565.141	17.565141	False	0.133
1	346	1	14149.909	14.149909	False	0.133
1	346	2	6965.663	6.965663	False	0.468
1	346	3	19288.964	19.288964	False	0.502
1	346	4	11072.548	11.072548	False	0.468
1	346	5	19152.502	19.152502	False	0.406
1	346	6	2687.057	2.687057	False	0.468
1	346	7	18558.717	18.558717	False	0.458
1	346	8	12366.768	12.366768	False	0.468
1	347	1	15027.913	15.027913	True	0.943
1	348	1	22049.870	22.049870	False	0.133
1	348	2	2291.053	2.291053	False	0.133
1	348	3	17269.792	17.269792	True	0.823
1	349	1	20398.571	20.398571	False	0.579
1	349	2	10731.842	10.731842	False	0.133
1	349	3	13364.663	13.364663	False	0.133
1	349	4	14195.967	14.195967	False	0.542
1	349	5	12793.000	12.793000	False	0.133
1	349	6	11956.158	11.956158	False	0.133
1	350	1	13665.714	13.665714	False	0.133
1	350	2	14780.962	14.780962	False	0.133
1	350	3	16287.882	16.287882	False	0.484
1	350	4	1808.062	1.808062	False	0.133
1	350	5	12686.691	12.686691	False	0.133
1	350	6	8176.911	8.176911	False	0.133
1	350	7	44493.364	44.493364	False	0.547
1	350	8	14574.220	14.574220	False	0.493
1	350	9	13373.786	13.373786	False	0.467
1	350	10	14863.032	14.863032	False	0.133
1	350	11	8355.890	8.355890	False	0.133
1	350	12	15369.453	15.369453	False	0.133
1	351	1	16682.278	16.682278	False	0.403
1	351	2	16754.999	16.754999	True	0.671
1	352	1	7245.333	7.245333	False	0.581
1	352	2	2358.113	2.358113	False	0.581
1	352	3	17391.445	17.391445	False	0.133
1	352	4	7412.290	7.412290	False	0.581
1	352	5	19176.897	19.176897	False	0.577
1	352	6	17170.761	17.170761	False	0.605
1	352	7	16912.031	16.912031	False	0.543
1	352	8	13239.108	13.239108	False	0.517
1	352	9	20982.845	20.982845	True	0.853
1	353	1	21602.481	21.602481	False	0.505
1	353	2	15173.236	15.173236	False	0.133
1	353	3	16417.506	16.417506	False	0.496
1	353	4	37288.886	37.288886	False	0.465
1	353	5	15080.587	15.080587	False	0.133
1	353	6	18138.459	18.138459	False	0.133
1	354	1	22064.821	22.064821	False	0.504
1	354	2	26304.816	26.304816	False	0.487
1	354	3	26155.863	26.155863	False	0.463
1	354	4	18832.180	18.832180	False	0.464
1	354	5	2303.982	2.303982	False	0.464
1	354	6	21597.300	21.597300	False	0.473
1	355	1	34887.489	34.887489	False	0.594
1	355	2	17451.944	17.451944	False	0.552
1	355	3	16639.860	16.639860	False	0.548
1	355	4	12303.002	12.303002	False	0.133
1	355	5	13825.212	13.825212	False	0.133
1	355	6	14219.413	14.219413	False	0.133
1	356	1	16252.574	16.252574	False	0.407
1	356	2	12902.656	12.902656	False	0.418
1	356	3	7943.641	7.943641	False	0.457
1	356	4	23393.497	23.393497	False	0.445
1	356	5	11271.949	11.271949	False	0.133
1	356	6	12852.405	12.852405	False	0.415
1	356	7	2204.044	2.204044	False	0.457
1	356	8	2435.203	2.435203	False	0.457
1	357	1	15591.974	15.591974	False	0.459
1	357	2	25263.402	25.263402	False	0.492
1	357	3	15886.462	15.886462	False	0.47
1	357	4	16949.407	16.949407	False	0.422
1	357	5	13715.921	13.715921	False	0.525
1	357	6	18812.836	18.812836	False	0.43
1	357	7	14860.268	14.860268	False	0.133
1	357	8	16177.017	16.177017	False	0.429
1	357	9	11230.434	11.230434	False	0.416
1	357	10	16526.338	16.526338	False	0.422
1	358	1	16645.633	16.645633	False	0.403
1	358	2	7929.128	7.929128	False	0.408
1	358	3	13019.184	13.019184	False	0.133
1	358	4	3408.608	3.408608	False	0.408
1	358	5	23940.706	23.940706	False	0.472
1	358	6	2308.023	2.308023	False	0.408
1	358	7	13818.476	13.818476	False	0.133
1	358	8	17903.044	17.903044	False	0.133
1	358	9	10887.059	10.887059	False	0.133
1	358	10	15005.532	15.005532	False	0.385
1	359	1	18286.483	18.286483	False	0.468
1	359	2	12699.996	12.699996	False	0.133
1	359	3	15347.521	15.347521	False	0.53
1	359	4	19570.454	19.570454	False	0.509
1	359	5	9551.613	9.551613	False	0.499
1	359	6	14629.593	14.629593	False	0.488
1	359	7	26172.371	26.172371	False	0.491
1	359	8	21238.640	21.238640	False	0.437
1	360	1	17601.083	17.601083	False	0.397
1	360	2	8068.515	8.068515	False	0.418
1	360	3	2129.156	2.129156	False	0.418
1	360	4	31117.682	31.117682	False	0.433
1	360	5	17945.835	17.945835	False	0.417
1	360	6	15564.083	15.564083	False	0.408
1	360	7	28188.630	28.188630	False	0.418
1	360	8	2607.265	2.607265	False	0.418
1	360	9	12844.208	12.844208	False	0.133
1	361	1	16832.111	16.832111	False	0.398
1	361	2	7219.015	7.219015	False	0.425
1	361	3	26734.086	26.734086	True	0.869
1	362	1	6902.403	6.902403	False	0.426
1	362	2	11718.613	11.718613	False	0.133
1	362	3	21641.249	21.641249	False	0.464
1	362	4	20012.164	20.012164	False	0.421
1	362	5	2342.979	2.342979	False	0.426
1	362	6	14183.046	14.183046	True	0.847
1	363	1	23914.248	23.914248	False	0.465
1	363	2	2680.303	2.680303	False	0.426
1	363	3	2835.405	2.835405	False	0.426
1	363	4	14987.408	14.987408	False	0.133
1	363	5	1295.690	1.295690	False	0.426
1	363	6	17503.280	17.503280	True	0.874
1	364	1	27171.454	27.171454	True	0.718
1	365	1	17894.662	17.894662	False	0.407
1	365	2	3875.134	3.875134	False	0.133
1	365	3	17090.754	17.090754	False	0.414
1	365	4	13538.017	13.538017	False	0.133
1	365	5	21749.609	21.749609	False	0.413
1	365	6	15689.440	15.689440	False	0.399
1	366	1	3912.028	3.912028	True	0.915
1	367	1	16336.220	16.336220	False	0.378
1	367	2	33913.774	33.913774	False	0.531
1	367	3	3525.520	3.525520	False	0.133
1	367	4	1779.464	1.779464	False	0.133
1	367	5	15789.876	15.789876	False	0.133
1	367	6	11702.965	11.702965	False	0.133
1	368	1	7779.366	7.779366	False	0.595
1	368	2	2151.823	2.151823	False	0.595
1	368	3	14804.332	14.804332	False	0.462
1	368	4	2225.269	2.225269	False	0.595
1	368	5	12311.136	12.311136	False	0.133
1	368	6	2046.573	2.046573	False	0.595
1	369	1	19959.694	19.959694	False	0.539
1	369	2	15864.279	15.864279	False	0.486
1	369	3	15838.114	15.838114	False	0.602
1	369	4	24155.356	24.155356	False	0.475
1	369	5	16944.471	16.944471	False	0.474
1	369	6	4239.145	4.239145	True	0.926
1	370	1	22153.876	22.153876	False	0.419
1	370	2	14530.622	14.530622	False	0.133
1	370	3	22065.675	22.065675	False	0.451
1	370	4	3027.911	3.027911	False	0.419
1	370	5	9346.736	9.346736	False	0.419
1	370	6	4465.083	4.465083	False	0.419
1	370	7	2150.833	2.150833	False	0.419
1	370	8	10061.321	10.061321	False	0.419
1	371	1	31933.318	31.933318	False	0.133
1	371	2	4375.221	4.375221	False	0.133
1	371	3	11922.839	11.922839	False	0.133
1	371	4	1812.951	1.812951	False	0.133
1	372	1	12617.174	12.617174	False	0.133
1	372	2	4414.412	4.414412	False	0.133
1	372	3	17300.533	17.300533	False	0.465
1	372	4	12043.344	12.043344	False	0.133
1	372	5	4203.892	4.203892	False	0.133
1	372	6	33599.758	33.599758	False	0.133
1	372	7	18933.385	18.933385	True	0.871
1	373	1	14073.426	14.073426	False	0.133
1	373	2	16221.551	16.221551	False	0.389
1	373	3	26561.162	26.561162	False	0.133
1	373	4	19647.246	19.647246	False	0.133
1	373	5	43777.551	43.777551	False	0.446
1	373	6	9676.337	9.676337	False	0.409
1	373	7	4371.277	4.371277	False	0.409
1	373	8	28485.877	28.485877	False	0.409
1	373	9	12677.972	12.677972	False	0.133
1	373	10	19107.798	19.107798	False	0.447
1	374	1	27793.104	27.793104	False	0.457
1	374	2	17731.315	17.731315	False	0.396
1	374	3	18403.316	18.403316	False	0.429
1	374	4	14494.268	14.494268	False	0.133
1	374	5	17478.504	17.478504	False	0.466
1	374	6	4104.853	4.104853	False	0.133
1	375	1	11647.962	11.647962	False	0.445
1	375	2	20720.696	20.720696	False	0.429
1	375	3	20789.658	20.789658	False	0.441
1	375	4	16097.945	16.097945	False	0.417
1	375	5	22339.569	22.339569	False	0.133
1	375	6	28282.243	28.282243	False	0.133
1	376	1	18209.225	18.209225	False	0.408
1	376	2	23952.918	23.952918	True	0.842
1	377	1	24528.198	24.528198	False	0.449
1	377	2	15900.355	15.900355	False	0.376
1	377	3	6625.540	6.625540	False	0.133
1	377	4	19491.581	19.491581	False	0.437
1	377	5	2545.397	2.545397	False	0.133
1	377	6	3024.740	3.024740	False	0.133
1	378	1	2875.472	2.875472	False	0.133
1	378	2	2156.947	2.156947	False	0.133
1	378	3	18373.544	18.373544	False	0.133
1	378	4	4447.356	4.447356	False	0.133
1	379	1	17644.127	17.644127	False	0.133
1	379	2	19835.870	19.835870	False	0.398
1	379	3	19082.882	19.082882	False	0.341
1	379	4	2199.766	2.199766	False	0.341
1	379	5	19058.124	19.058124	False	0.356
1	379	6	3154.324	3.154324	False	0.341
1	379	7	2468.704	2.468704	False	0.341
1	380	1	13967.167	13.967167	False	0.133
1	380	2	4457.570	4.457570	False	0.337
1	380	3	22453.604	22.453604	True	0.654
1	381	1	21094.667	21.094667	False	0.394
1	381	2	8857.669	8.857669	True	0.684
1	382	1	17626.072	17.626072	False	0.432
1	382	2	15813.521	15.813521	False	0.377
1	382	3	8667.442	8.667442	False	0.348
1	382	4	21685.977	21.685977	False	0.332
1	382	5	18270.704	18.270704	False	0.391
1	382	6	21970.477	21.970477	False	0.42
1	383	1	18117.532	18.117532	False	0.354
1	383	2	5886.080	5.886080	False	0.355
1	383	3	1912.603	1.912603	False	0.355
1	383	4	19370.257	19.370257	False	0.324
1	383	5	3213.395	3.213395	False	0.355
1	383	6	2421.330	2.421330	False	0.355
1	384	1	5738.043	5.738043	True	0.66
1	385	1	9684.829	9.684829	False	0.133
1	385	2	12518.685	12.518685	False	0.133
1	385	3	19695.973	19.695973	False	0.632
1	385	4	6721.537	6.721537	False	0.133
1	385	5	15933.964	15.933964	False	0.133
1	385	6	23482.229	23.482229	False	0.563
1	385	7	10758.853	10.758853	False	0.563
1	385	8	12906.063	12.906063	False	0.563
1	386	1	15159.146	15.159146	False	0.133
1	386	2	13016.736	13.016736	False	0.133
1	386	3	15756.511	15.756511	False	0.487
1	386	4	16679.510	16.679510	False	0.501
1	386	5	25381.543	25.381543	False	0.474
1	386	6	11373.612	11.373612	False	0.133
1	386	7	16147.257	16.147257	False	0.491
1	386	8	23573.627	23.573627	False	0.51
1	386	9	2120.765	2.120765	False	0.133
1	387	1	3710.095	3.710095	False	0.133
1	387	2	4606.141	4.606141	False	0.133
1	387	3	4430.176	4.430176	False	0.133
1	387	4	1810.291	1.810291	False	0.133
1	388	1	2288.982	2.288982	False	0.133
1	388	2	15685.148	15.685148	False	0.133
1	388	3	3791.058	3.791058	False	0.133
1	388	4	6036.211	6.036211	False	0.133
1	389	1	26696.358	26.696358	True	0.914
1	390	1	9666.025	9.666025	False	0.133
1	390	2	5414.130	5.414130	False	0.133
1	390	3	19529.602	19.529602	False	0.419
1	390	4	13033.587	13.033587	False	0.133
1	390	5	2612.548	2.612548	False	0.133
1	390	6	10355.097	10.355097	False	0.133
1	390	7	15539.225	15.539225	False	0.536
1	390	8	14713.213	14.713213	True	0.762
1	391	1	16086.753	16.086753	False	0.402
1	391	2	3802.064	3.802064	False	0.133
1	391	3	9446.275	9.446275	False	0.133
1	391	4	23292.019	23.292019	True	0.887
1	392	1	13092.448	13.092448	False	0.133
1	392	2	13155.475	13.155475	False	0.133
1	392	3	12907.021	12.907021	False	0.133
1	392	4	16311.831	16.311831	False	0.534
1	392	5	18556.770	18.556770	False	0.133
1	392	6	4920.656	4.920656	False	0.133
1	392	7	2767.279	2.767279	False	0.133
1	392	8	12943.675	12.943675	False	0.133
1	393	1	14664.087	14.664087	False	0.133
1	393	2	18741.325	18.741325	False	0.44
1	393	3	10028.334	10.028334	False	0.428
1	393	4	15910.037	15.910037	False	0.448
1	393	5	16464.587	16.464587	False	0.4
1	393	6	21119.081	21.119081	False	0.438
1	393	7	33817.952	33.817952	False	0.575
1	393	8	20827.828	20.827828	False	0.511
1	393	9	18735.088	18.735088	False	0.414
1	393	10	15498.142	15.498142	False	0.424
1	393	11	3662.765	3.662765	False	0.428
1	393	12	16542.147	16.542147	False	0.301
1	394	1	3066.922	3.066922	False	0.133
1	394	2	13669.467	13.669467	False	0.562
1	394	3	5165.482	5.165482	False	0.133
1	394	4	5435.985	5.435985	False	0.133
1	394	5	32367.511	32.367511	False	0.498
1	394	6	1707.632	1.707632	False	0.133
1	394	7	13085.837	13.085837	False	0.133
1	395	1	8761.155	8.761155	False	0.438
1	395	2	20995.987	20.995987	False	0.452
1	395	3	6363.972	6.363972	False	0.438
1	395	4	15073.240	15.073240	False	0.519
1	395	5	19247.511	19.247511	False	0.472
1	395	6	18055.998	18.055998	False	0.503
1	395	7	5156.311	5.156311	False	0.438
1	395	8	20024.386	20.024386	False	0.53
1	395	9	4435.255	4.435255	False	0.438
1	395	10	2683.164	2.683164	False	0.438
1	395	11	4366.913	4.366913	False	0.438
1	395	12	2604.804	2.604804	False	0.438
1	395	13	2453.542	2.453542	False	0.438
1	396	1	15203.164	15.203164	False	0.462
1	396	2	15636.969	15.636969	False	0.439
1	396	3	14205.817	14.205817	False	0.426
1	396	4	13384.615	13.384615	False	0.426
1	396	5	26187.676	26.187676	False	0.488
1	396	6	16230.898	16.230898	False	0.467
1	396	7	16239.688	16.239688	False	0.404
1	396	8	11314.059	11.314059	False	0.426
1	396	9	14561.961	14.561961	False	0.45
1	396	10	27035.597	27.035597	False	0.431
1	397	1	30199.581	30.199581	False	0.486
1	397	2	15526.491	15.526491	False	0.425
1	397	3	17278.675	17.278675	False	0.443
1	397	4	9639.036	9.639036	False	0.425
1	397	5	13543.615	13.543615	False	0.425
1	397	6	27018.668	27.018668	False	0.443
1	398	1	31681.514	31.681514	False	0.449
1	398	2	15379.486	15.379486	False	0.416
1	398	3	18641.248	18.641248	False	0.414
1	398	4	14867.373	14.867373	False	0.543
1	398	5	18577.710	18.577710	False	0.453
1	398	6	16820.220	16.820220	False	0.457
1	398	7	21661.916	21.661916	False	0.437
1	398	8	12741.212	12.741212	False	0.443
1	398	9	9421.018	9.421018	False	0.439
1	399	1	19321.284	19.321284	False	0.494
1	399	2	2519.435	2.519435	False	0.133
1	399	3	9653.768	9.653768	False	0.133
1	399	4	34140.984	34.140984	False	0.133
1	399	5	15871.013	15.871013	False	0.467
1	399	6	22070.810	22.070810	True	0.828
2	0	1	11533.248	11.533248	False	0.585
2	0	2	1708.569	1.708569	False	0.585
2	0	3	12530.123	12.530123	False	0.585
2	0	4	11610.893	11.610893	False	0.133
2	0	5	3554.564	3.554564	False	0.585
2	0	6	12257.544	12.257544	False	0.585
2	1	1	16274.819	16.274819	False	0.418
2	1	2	17326.882	17.326882	False	0.348
2	1	3	27846.408	27.846408	False	0.133
2	1	4	10543.442	10.543442	False	0.385
2	1	5	15587.024	15.587024	False	0.133
2	1	6	4442.049	4.442049	False	0.385
2	2	1	21815.399	21.815399	False	0.459
2	2	2	19194.841	19.194841	False	0.133
2	2	3	15955.169	15.955169	False	0.133
2	2	4	3265.493	3.265493	False	0.133
2	2	5	12761.243	12.761243	False	0.133
2	3	1	11692.741	11.692741	False	0.133
2	3	2	3514.577	3.514577	False	0.133
2	3	3	4045.206	4.045206	False	0.133
2	3	4	10496.790	10.496790	False	0.436
2	3	5	10832.110	10.832110	False	0.499
2	3	6	9117.312	9.117312	False	0.133
2	3	7	3877.814	3.877814	False	0.133
2	3	8	2847.014	2.847014	False	0.133
2	3	9	16038.552	16.038552	False	0.478
2	3	10	3859.243	3.859243	False	0.133
2	4	1	4299.114	4.299114	False	0.133
2	4	2	14429.717	14.429717	False	0.133
2	4	3	26379.416	26.379416	False	0.493
2	4	4	2501.995	2.501995	False	0.133
2	4	5	2292.692	2.292692	False	0.133
2	4	6	2873.528	2.873528	False	0.133
2	4	7	13155.775	13.155775	False	0.133
2	5	1	18252.333	18.252333	False	0.438
2	5	2	26922.068	26.922068	False	0.487
2	5	3	5684.022	5.684022	False	0.133
2	5	4	12693.193	12.693193	False	0.133
2	5	5	16378.259	16.378259	False	0.473
2	5	6	13289.668	13.289668	False	0.133
2	5	7	4178.234	4.178234	False	0.133
2	6	1	17377.360	17.377360	False	0.446
2	6	2	23073.156	23.073156	False	0.484
2	6	3	2932.965	2.932965	False	0.446
2	6	4	18127.890	18.127890	False	0.416
2	6	5	18336.355	18.336355	False	0.133
2	6	6	22173.398	22.173398	False	0.531
2	6	7	13434.321	13.434321	False	0.133
2	6	8	19761.564	19.761564	False	0.411
2	6	9	28876.223	28.876223	False	0.133
2	6	10	24926.378	24.926378	False	0.45
2	6	11	13343.103	13.343103	False	0.446
2	7	1	16833.693	16.833693	False	0.472
2	7	2	14297.840	14.297840	False	0.432
2	7	3	18900.608	18.900608	False	0.413
2	7	4	3712.597	3.712597	False	0.133
2	7	5	21860.256	21.860256	False	0.499
2	7	6	3366.879	3.366879	False	0.133
2	7	7	4645.448	4.645448	False	0.133
2	7	8	17965.461	17.965461	False	0.461
2	7	9	1733.444	1.733444	False	0.133
2	7	10	15686.075	15.686075	False	0.396
2	8	1	15262.037	15.262037	False	0.133
2	8	2	17165.941	17.165941	False	0.133
2	8	3	4549.366	4.549366	False	0.133
2	8	4	3002.532	3.002532	False	0.133
2	9	1	8937.812	8.937812	False	0.133
2	9	2	18108.858	18.108858	False	0.487
2	9	3	33490.457	33.490457	True	0.94
2	10	1	14376.708	14.376708	False	0.133
2	10	2	14102.185	14.102185	False	0.466
2	10	3	3767.204	3.767204	False	0.133
2	10	4	18881.418	18.881418	False	0.476
2	10	5	20049.432	20.049432	False	0.133
2	10	6	18399.564	18.399564	False	0.593
2	10	7	18604.762	18.604762	False	0.465
2	10	8	19405.612	19.405612	True	0.799
2	11	1	17722.523	17.722523	False	0.545
2	11	2	17684.019	17.684019	False	0.133
2	11	3	16623.905	16.623905	True	0.898
2	12	1	15043.007	15.043007	False	0.602
2	12	2	6256.608	6.256608	False	0.133
2	12	3	14593.981	14.593981	False	0.133
2	12	4	2580.130	2.580130	False	0.133
2	12	5	3178.799	3.178799	False	0.133
2	13	1	8861.377	8.861377	False	0.366
2	13	2	2917.323	2.917323	False	0.366
2	13	3	2603.199	2.603199	False	0.366
2	13	4	27490.804	27.490804	False	0.376
2	13	5	23845.304	23.845304	False	0.491
2	13	6	17732.098	17.732098	False	0.429
2	13	7	3002.813	3.002813	False	0.366
2	13	8	15795.206	15.795206	False	0.371
2	13	9	2708.845	2.708845	False	0.366
2	13	10	2936.267	2.936267	False	0.366
2	14	1	19379.746	19.379746	False	0.493
2	14	2	14591.759	14.591759	True	0.811
2	15	1	9990.049	9.990049	False	0.133
2	15	2	15817.840	15.817840	False	0.355
2	15	3	12840.818	12.840818	False	0.133
2	15	4	5156.914	5.156914	False	0.133
2	15	5	10446.359	10.446359	False	0.133
2	15	6	11285.584	11.285584	False	0.133
2	16	1	4683.315	4.683315	False	0.133
2	16	2	9792.524	9.792524	False	0.133
2	16	3	3776.414	3.776414	False	0.133
2	16	4	11051.076	11.051076	False	0.133
2	17	1	23752.484	23.752484	False	0.543
2	17	2	18326.953	18.326953	False	0.133
2	17	3	13633.979	13.633979	False	0.133
2	17	4	14207.524	14.207524	False	0.133
2	17	5	15168.989	15.168989	False	0.133
2	18	1	10332.138	10.332138	False	0.133
2	18	2	16309.154	16.309154	False	0.413
2	18	3	2485.771	2.485771	False	0.133
2	18	4	2292.333	2.292333	False	0.133
2	18	5	14892.635	14.892635	False	0.133
2	18	6	4915.870	4.915870	False	0.133
2	19	1	29533.721	29.533721	False	0.465
2	19	2	6065.491	6.065491	False	0.133
2	19	3	3233.123	3.233123	False	0.133
2	19	4	15829.838	15.829838	False	0.483
2	19	5	13683.883	13.683883	False	0.503
2	19	6	11132.853	11.132853	False	0.133
2	19	7	12433.934	12.433934	False	0.133
2	19	8	17408.755	17.408755	False	0.479
2	19	9	18678.930	18.678930	False	0.439
2	19	10	2497.935	2.497935	False	0.133
2	20	1	10663.170	10.663170	False	0.412
2	20	2	3019.923	3.019923	False	0.412
2	20	3	18120.483	18.120483	False	0.4
2	20	4	3330.287	3.330287	False	0.412
2	20	5	18512.598	18.512598	False	0.408
2	20	6	18330.108	18.330108	False	0.444
2	20	7	26716.639	26.716639	False	0.505
2	20	8	2303.332	2.303332	False	0.412
2	20	9	2964.878	2.964878	False	0.412
2	20	10	19111.065	19.111065	False	0.133
2	20	11	18321.406	18.321406	False	0.384
2	20	12	47829.966	47.829966	False	0.493
2	21	1	24919.435	24.919435	False	0.534
2	21	2	8012.657	8.012657	False	0.133
2	21	3	13977.317	13.977317	False	0.133
2	21	4	13370.960	13.370960	False	0.133
2	21	5	12162.612	12.162612	False	0.133
2	22	1	9685.684	9.685684	False	0.133
2	22	2	2438.819	2.438819	False	0.133
2	22	3	11683.943	11.683943	False	0.133
2	22	4	14077.664	14.077664	False	0.133
2	23	1	20796.101	20.796101	False	0.4
2	23	2	2967.265	2.967265	False	0.133
2	23	3	13560.724	13.560724	False	0.133
2	23	4	3721.441	3.721441	False	0.133
2	23	5	3878.108	3.878108	False	0.133
2	24	1	5507.438	5.507438	False	0.133
2	24	2	14266.183	14.266183	False	0.133
2	24	3	19012.829	19.012829	False	0.133
2	24	4	11629.654	11.629654	False	0.133
2	25	1	17093.385	17.093385	False	0.478
2	25	2	20337.123	20.337123	False	0.445
2	25	3	24637.649	24.637649	False	0.5
2	25	4	25758.925	25.758925	False	0.553
2	25	5	6087.667	6.087667	False	0.367
2	25	6	18620.495	18.620495	False	0.408
2	25	7	27387.261	27.387261	False	0.433
2	25	8	13674.634	13.674634	False	0.133
2	25	9	19229.577	19.229577	False	0.419
2	26	1	5578.986	5.578986	False	0.133
2	26	2	10902.364	10.902364	False	0.133
2	26	3	15394.322	15.394322	False	0.133
2	26	4	14223.906	14.223906	False	0.433
2	26	5	17180.197	17.180197	False	0.437
2	26	6	13843.640	13.843640	False	0.432
2	26	7	2892.757	2.892757	False	0.133
2	26	8	17876.980	17.876980	False	0.507
2	26	9	15988.747	15.988747	False	0.484
2	26	10	15633.325	15.633325	False	0.401
2	26	11	15385.158	15.385158	False	0.478
2	26	12	13042.654	13.042654	False	0.396
2	26	13	10721.998	10.721998	False	0.133
2	27	1	16581.199	16.581199	False	0.51
2	27	2	5343.006	5.343006	False	0.133
2	27	3	24298.394	24.298394	False	0.518
2	27	4	21747.894	21.747894	False	0.133
2	27	5	14585.273	14.585273	False	0.372
2	27	6	10901.202	10.901202	False	0.133
2	28	1	15890.550	15.890550	False	0.133
2	28	2	12914.196	12.914196	False	0.133
2	28	3	20841.695	20.841695	False	0.133
2	28	4	14708.051	14.708051	False	0.133
2	29	1	15566.170	15.566170	True	0.789
2	30	1	23415.631	23.415631	False	0.415
2	30	2	17238.929	17.238929	False	0.439
2	30	3	9020.099	9.020099	False	0.407
2	30	4	19954.507	19.954507	False	0.422
2	30	5	2543.329	2.543329	False	0.407
2	30	6	2053.858	2.053858	False	0.407
2	30	7	18353.795	18.353795	False	0.414
2	31	1	7647.086	7.647086	False	0.133
2	31	2	19350.434	19.350434	False	0.479
2	31	3	19854.255	19.854255	False	0.461
2	31	4	10996.001	10.996001	False	0.416
2	31	5	2501.196	2.501196	False	0.416
2	31	6	13033.166	13.033166	False	0.473
2	31	7	19288.025	19.288025	False	0.452
2	32	1	20957.701	20.957701	False	0.509
2	32	2	20273.260	20.273260	False	0.443
2	32	3	20989.791	20.989791	False	0.428
2	32	4	8707.592	8.707592	False	0.417
2	32	5	2335.103	2.335103	False	0.417
2	32	6	16850.468	16.850468	False	0.378
2	33	1	7340.842	7.340842	False	0.412
2	33	2	13453.931	13.453931	False	0.422
2	33	3	17033.209	17.033209	False	0.415
2	33	4	10550.475	10.550475	False	0.133
2	33	5	2464.365	2.464365	False	0.412
2	33	6	4629.546	4.629546	False	0.412
2	33	7	10860.311	10.860311	False	0.412
2	34	1	21641.298	21.641298	False	0.427
2	34	2	2629.214	2.629214	False	0.427
2	34	3	21634.805	21.634805	False	0.482
2	34	4	19502.059	19.502059	False	0.459
2	34	5	25184.566	25.184566	False	0.431
2	34	6	19946.970	19.946970	False	0.434
2	34	7	17844.687	17.844687	False	0.527
2	34	8	5180.607	5.180607	False	0.427
2	34	9	19271.095	19.271095	False	0.438
2	34	10	2707.950	2.707950	False	0.427
2	34	11	15272.095	15.272095	False	0.427
2	34	12	13413.917	13.413917	False	0.427
2	35	1	19621.568	19.621568	False	0.415
2	35	2	10117.356	10.117356	False	0.434
2	35	3	2610.467	2.610467	False	0.434
2	35	4	18112.165	18.112165	False	0.421
2	35	5	12107.261	12.107261	False	0.434
2	35	6	21119.591	21.119591	False	0.38
2	35	7	13472.688	13.472688	False	0.133
2	36	1	18931.679	18.931679	False	0.468
2	36	2	16208.126	16.208126	False	0.133
2	36	3	18729.346	18.729346	False	0.469
2	36	4	17705.545	17.705545	False	0.462
2	36	5	10158.273	10.158273	False	0.421
2	36	6	2951.355	2.951355	False	0.421
2	37	1	12800.022	12.800022	False	0.546
2	37	2	25126.464	25.126464	False	0.397
2	37	3	19128.628	19.128628	False	0.407
2	37	4	6877.723	6.877723	False	0.421
2	37	5	15509.712	15.509712	False	0.408
2	37	6	20091.998	20.091998	False	0.452
2	38	1	12109.457	12.109457	False	0.133
2	38	2	10565.657	10.565657	False	0.418
2	38	3	3389.265	3.389265	False	0.418
2	38	4	22261.098	22.261098	False	0.467
2	38	5	20314.379	20.314379	False	0.417
2	38	6	1741.271	1.741271	False	0.418
2	38	7	16041.463	16.041463	False	0.385
2	38	8	2695.871	2.695871	False	0.418
2	38	9	20365.135	20.365135	False	0.418
2	39	1	22459.404	22.459404	False	0.436
2	39	2	9939.745	9.939745	False	0.133
2	39	3	15580.592	15.580592	False	0.457
2	39	4	21006.163	21.006163	False	0.456
2	39	5	14707.785	14.707785	False	0.509
2	39	6	6514.263	6.514263	False	0.429
2	39	7	15064.757	15.064757	False	0.421
2	39	8	17885.790	17.885790	False	0.47
2	39	9	14447.313	14.447313	False	0.429
2	39	10	22504.749	22.504749	False	0.41
2	40	1	20056.098	20.056098	False	0.433
2	40	2	15196.169	15.196169	False	0.472
2	40	3	8709.909	8.709909	False	0.434
2	40	4	16620.918	16.620918	False	0.133
2	40	5	18018.449	18.018449	False	0.474
2	40	6	18916.425	18.916425	False	0.436
2	40	7	19567.046	19.567046	False	0.433
2	41	1	7076.663	7.076663	False	0.416
2	41	2	16283.299	16.283299	False	0.396
2	41	3	19672.814	19.672814	False	0.395
2	41	4	18873.861	18.873861	False	0.407
2	41	5	16639.480	16.639480	False	0.133
2	41	6	17045.482	17.045482	False	0.375
2	42	1	17210.255	17.210255	False	0.42
2	42	2	5071.006	5.071006	False	0.133
2	42	3	13183.167	13.183167	False	0.133
2	42	4	15610.260	15.610260	False	0.442
2	42	5	15909.044	15.909044	False	0.133
2	42	6	17561.429	17.561429	False	0.133
2	42	7	18706.696	18.706696	False	0.412
2	42	8	13452.984	13.452984	False	0.133
2	42	9	21890.129	21.890129	False	0.427
2	43	1	4206.559	4.206559	False	0.133
2	43	2	4352.051	4.352051	False	0.133
2	43	3	14532.075	14.532075	False	0.133
2	43	4	14386.179	14.386179	False	0.411
2	43	5	17979.544	17.979544	False	0.448
2	43	6	14815.071	14.815071	False	0.133
2	43	7	17618.140	17.618140	False	0.383
2	43	8	2513.486	2.513486	False	0.133
2	43	9	1717.253	1.717253	False	0.133
2	43	10	21198.054	21.198054	False	0.133
2	44	1	17492.371	17.492371	False	0.487
2	44	2	13745.411	13.745411	False	0.493
2	44	3	29606.340	29.606340	False	0.484
2	44	4	6240.753	6.240753	False	0.431
2	44	5	18499.420	18.499420	False	0.5
2	44	6	18090.861	18.090861	False	0.426
2	44	7	3055.921	3.055921	False	0.431
2	44	8	18496.950	18.496950	False	0.424
2	44	9	18072.498	18.072498	False	0.395
2	44	10	13171.296	13.171296	False	0.424
2	45	1	16986.796	16.986796	False	0.476
2	45	2	15052.084	15.052084	False	0.413
2	45	3	9901.250	9.901250	False	0.499
2	45	4	18008.201	18.008201	False	0.42
2	45	5	22338.516	22.338516	False	0.473
2	45	6	16151.122	16.151122	False	0.413
2	45	7	2455.649	2.455649	False	0.413
2	45	8	2374.438	2.374438	False	0.413
2	46	1	16212.572	16.212572	False	0.372
2	46	2	14756.150	14.756150	False	0.429
2	46	3	20648.491	20.648491	False	0.407
2	46	4	11397.398	11.397398	False	0.407
2	46	5	8357.205	8.357205	False	0.412
2	46	6	29693.405	29.693405	False	0.45
2	46	7	20481.018	20.481018	False	0.425
2	46	8	36522.386	36.522386	False	0.492
2	46	9	15188.833	15.188833	False	0.133
2	46	10	14139.069	14.139069	False	0.479
2	46	11	1731.484	1.731484	False	0.412
2	46	12	16021.435	16.021435	False	0.133
2	46	13	14001.492	14.001492	False	0.401
2	47	1	7838.564	7.838564	False	0.401
2	47	2	24028.016	24.028016	False	0.412
2	47	3	26457.083	26.457083	False	0.464
2	47	4	1945.346	1.945346	False	0.401
2	47	5	14633.847	14.633847	False	0.41
2	47	6	2918.650	2.918650	False	0.401
2	47	7	3236.652	3.236652	False	0.401
2	47	8	2036.691	2.036691	False	0.401
2	48	1	15400.342	15.400342	False	0.416
2	48	2	17733.213	17.733213	False	0.472
2	48	3	17168.203	17.168203	False	0.416
2	48	4	9044.446	9.044446	False	0.416
2	48	5	17372.763	17.372763	False	0.421
2	48	6	31607.972	31.607972	False	0.505
2	48	7	16535.366	16.535366	False	0.419
2	48	8	19972.665	19.972665	False	0.408
2	48	9	14022.390	14.022390	False	0.133
2	48	10	3888.185	3.888185	False	0.416
2	48	11	13024.041	13.024041	False	0.133
2	49	1	4238.109	4.238109	False	0.133
2	49	2	17676.629	17.676629	False	0.504
2	49	3	2441.732	2.441732	False	0.133
2	49	4	16444.147	16.444147	False	0.424
2	49	5	20476.120	20.476120	False	0.49
2	49	6	13396.311	13.396311	False	0.133
2	49	7	17428.918	17.428918	False	0.513
2	50	1	20534.027	20.534027	False	0.479
2	50	2	24985.206	24.985206	False	0.437
2	50	3	23942.493	23.942493	False	0.133
2	50	4	16027.324	16.027324	False	0.373
2	50	5	18514.120	18.514120	False	0.337
2	50	6	3253.687	3.253687	False	0.133
2	51	1	13209.580	13.209580	False	0.451
2	51	2	16184.078	16.184078	False	0.45
2	51	3	19516.301	19.516301	False	0.438
2	51	4	4786.957	4.786957	False	0.133
2	51	5	16500.512	16.500512	False	0.133
2	51	6	2651.871	2.651871	False	0.133
2	52	1	7832.830	7.832830	False	0.41
2	52	2	15587.958	15.587958	False	0.471
2	52	3	5461.506	5.461506	False	0.41
2	52	4	19480.226	19.480226	False	0.42
2	52	5	22908.644	22.908644	False	0.41
2	52	6	23362.420	23.362420	False	0.435
2	52	7	14148.875	14.148875	False	0.41
2	53	1	35234.973	35.234973	False	0.414
2	53	2	16501.453	16.501453	False	0.376
2	53	3	2680.271	2.680271	False	0.414
2	53	4	7705.860	7.705860	False	0.423
2	53	5	27299.645	27.299645	False	0.411
2	53	6	15975.860	15.975860	False	0.133
2	54	1	13331.037	13.331037	False	0.432
2	54	2	4498.470	4.498470	False	0.133
2	54	3	20461.896	20.461896	False	0.412
2	54	4	13038.190	13.038190	False	0.133
2	54	5	2517.202	2.517202	False	0.133
2	54	6	11874.051	11.874051	False	0.133
2	55	1	25135.575	25.135575	False	0.133
2	55	2	18383.681	18.383681	True	0.859
2	56	1	9443.567	9.443567	False	0.52
2	56	2	13613.458	13.613458	False	0.542
2	56	3	13999.058	13.999058	False	0.52
2	56	4	18079.746	18.079746	False	0.477
2	56	5	19170.402	19.170402	False	0.569
2	56	6	33655.100	33.655100	True	0.901
2	57	1	21189.233	21.189233	False	0.133
2	57	2	4070.618	4.070618	False	0.133
2	57	3	17657.230	17.657230	False	0.42
2	57	4	1616.419	1.616419	False	0.133
2	57	5	16929.762	16.929762	False	0.6
2	57	6	17254.457	17.254457	False	0.521
2	57	7	11170.475	11.170475	False	0.133
2	57	8	18530.985	18.530985	False	0.392
2	57	9	32942.104	32.942104	False	0.133
2	57	10	2906.014	2.906014	False	0.133
2	58	1	16304.242	16.304242	False	0.133
2	58	2	17954.851	17.954851	False	0.433
2	58	3	20914.120	20.914120	False	0.383
2	58	4	19445.459	19.445459	False	0.429
2	58	5	6871.947	6.871947	False	0.513
2	58	6	19617.345	19.617345	False	0.464
2	58	7	8947.183	8.947183	False	0.513
2	58	8	29970.091	29.970091	False	0.467
2	58	9	2068.515	2.068515	False	0.513
2	58	10	14558.284	14.558284	False	0.133
2	59	1	7394.432	7.394432	False	0.565
2	59	2	18435.639	18.435639	False	0.479
2	59	3	13994.926	13.994926	False	0.133
2	59	4	33362.473	33.362473	False	0.51
2	59	5	18037.303	18.037303	False	0.133
2	59	6	52380.723	52.380723	False	0.133
2	60	1	17706.934	17.706934	False	0.526
2	60	2	22022.517	22.022517	False	0.564
2	60	3	13640.125	13.640125	False	0.133
2	60	4	11657.250	11.657250	False	0.564
2	60	5	12795.267	12.795267	False	0.528
2	60	6	3089.549	3.089549	False	0.564
2	60	7	26308.483	26.308483	False	0.535
2	61	1	3885.642	3.885642	False	0.133
2	61	2	11823.449	11.823449	False	0.133
2	61	3	13136.691	13.136691	False	0.133
2	61	4	11806.835	11.806835	False	0.133
2	62	1	16650.021	16.650021	False	0.399
2	62	2	3128.884	3.128884	False	0.133
2	62	3	22205.398	22.205398	False	0.406
2	62	4	1985.340	1.985340	False	0.133
2	62	5	13435.140	13.435140	False	0.133
2	62	6	2430.989	2.430989	False	0.133
2	63	1	32049.961	32.049961	False	0.417
2	63	2	15771.924	15.771924	False	0.494
2	63	3	2732.216	2.732216	False	0.133
2	63	4	4305.931	4.305931	False	0.133
2	63	5	16428.119	16.428119	False	0.313
2	63	6	17604.599	17.604599	False	0.413
2	63	7	22427.985	22.427985	False	0.435
2	64	1	12613.393	12.613393	False	0.423
2	64	2	13455.417	13.455417	False	0.133
2	64	3	16689.572	16.689572	False	0.38
2	64	4	12648.297	12.648297	False	0.133
2	64	5	2884.865	2.884865	False	0.133
2	64	6	11021.912	11.021912	False	0.133
2	65	1	13992.412	13.992412	False	0.133
2	65	2	3498.843	3.498843	False	0.133
2	65	3	3662.788	3.662788	False	0.133
2	65	4	17149.233	17.149233	False	0.402
2	65	5	16626.252	16.626252	False	0.409
2	65	6	2998.095	2.998095	False	0.133
2	65	7	4835.749	4.835749	False	0.133
2	65	8	19577.685	19.577685	False	0.411
2	65	9	1716.793	1.716793	False	0.133
2	66	1	22159.384	22.159384	False	0.447
2	66	2	13372.963	13.372963	False	0.133
2	66	3	14884.982	14.884982	False	0.437
2	66	4	3456.539	3.456539	False	0.133
2	66	5	2471.287	2.471287	False	0.133
2	66	6	18810.497	18.810497	False	0.401
2	67	1	13680.488	13.680488	True	0.896
2	68	1	17648.151	17.648151	False	0.405
2	68	2	13364.304	13.364304	False	0.133
2	68	3	6928.873	6.928873	False	0.133
2	68	4	10927.724	10.927724	False	0.133
2	68	5	3267.489	3.267489	False	0.133
2	69	1	13560.989	13.560989	False	0.411
2	69	2	18495.321	18.495321	False	0.399
2	69	3	10227.441	10.227441	False	0.411
2	69	4	2589.884	2.589884	False	0.411
2	69	5	16064.340	16.064340	False	0.38
2	69	6	15976.571	15.976571	False	0.452
2	69	7	3746.662	3.746662	False	0.411
2	69	8	10380.603	10.380603	False	0.411
2	69	9	4861.506	4.861506	False	0.411
2	69	10	15096.236	15.096236	False	0.412
2	69	11	13189.910	13.189910	False	0.133
2	70	1	15986.118	15.986118	False	0.133
2	70	2	18522.834	18.522834	False	0.428
2	70	3	22450.190	22.450190	False	0.369
2	70	4	33952.796	33.952796	False	0.407
2	70	5	22036.107	22.036107	False	0.427
2	70	6	16421.133	16.421133	False	0.422
2	70	7	18977.241	18.977241	False	0.427
2	71	1	8004.833	8.004833	False	0.423
2	71	2	2353.000	2.353000	False	0.423
2	71	3	2283.222	2.283222	False	0.423
2	71	4	39821.752	39.821752	False	0.444
2	71	5	1820.064	1.820064	False	0.423
2	71	6	3014.274	3.014274	False	0.423
2	71	7	21654.956	21.654956	False	0.423
2	71	8	2355.793	2.355793	False	0.423
2	71	9	20355.977	20.355977	False	0.348
2	72	1	25922.649	25.922649	False	0.417
2	72	2	7206.727	7.206727	False	0.4
2	72	3	15450.718	15.450718	False	0.133
2	72	4	15104.373	15.104373	False	0.355
2	72	5	12795.164	12.795164	False	0.133
2	72	6	2553.591	2.553591	False	0.4
2	73	1	23165.157	23.165157	False	0.453
2	73	2	15467.241	15.467241	False	0.422
2	73	3	11764.270	11.764270	False	0.133
2	73	4	17423.007	17.423007	False	0.455
2	73	5	12858.858	12.858858	False	0.133
2	73	6	10758.757	10.758757	False	0.133
2	74	1	28097.812	28.097812	False	0.504
2	74	2	19515.124	19.515124	False	0.133
2	74	3	23967.194	23.967194	False	0.458
2	74	4	24391.209	24.391209	False	0.507
2	74	5	10882.502	10.882502	False	0.133
2	74	6	22262.242	22.262242	False	0.408
2	75	1	4664.055	4.664055	True	0.891
2	76	1	10170.643	10.170643	False	0.133
2	76	2	18840.164	18.840164	False	0.133
2	76	3	18386.699	18.386699	False	0.434
2	76	4	15397.616	15.397616	False	0.133
2	76	5	8173.508	8.173508	False	0.133
2	76	6	18042.722	18.042722	False	0.491
2	76	7	17984.838	17.984838	False	0.539
2	76	8	2691.982	2.691982	False	0.133
2	76	9	19453.230	19.453230	False	0.529
2	76	10	17656.049	17.656049	False	0.541
2	76	11	34832.440	34.832440	False	0.52
2	76	12	9974.537	9.974537	False	0.133
2	77	1	3763.208	3.763208	False	0.133
2	77	2	10329.948	10.329948	False	0.133
2	77	3	13547.494	13.547494	False	0.133
2	77	4	26781.743	26.781743	False	0.133
2	78	1	7600.447	7.600447	False	0.468
2	78	2	16831.614	16.831614	False	0.481
2	78	3	4351.886	4.351886	False	0.468
2	78	4	17177.385	17.177385	False	0.504
2	78	5	2275.906	2.275906	False	0.468
2	78	6	16396.062	16.396062	False	0.502
2	78	7	20314.211	20.314211	False	0.529
2	78	8	22854.413	22.854413	True	0.772
2	79	1	25985.747	25.985747	True	0.874
2	80	1	18973.819	18.973819	False	0.444
2	80	2	7531.785	7.531785	False	0.471
2	80	3	12881.628	12.881628	True	0.853
2	81	1	17719.855	17.719855	False	0.133
2	81	2	2862.731	2.862731	False	0.133
2	81	3	18198.195	18.198195	False	0.5
2	81	4	17041.971	17.041971	False	0.583
2	81	5	14457.437	14.457437	False	0.133
2	81	6	16282.345	16.282345	False	0.618
2	81	7	10804.182	10.804182	False	0.133
2	81	8	12906.816	12.906816	False	0.133
2	81	9	12586.036	12.586036	False	0.133
2	81	10	13555.175	13.555175	False	0.133
2	82	1	15469.297	15.469297	False	0.4
2	82	2	11505.753	11.505753	False	0.133
2	82	3	1797.383	1.797383	False	0.133
2	82	4	14319.339	14.319339	False	0.133
2	82	5	13055.974	13.055974	False	0.133
2	83	1	13267.323	13.267323	False	0.133
2	83	2	3143.658	3.143658	False	0.133
2	83	3	18178.483	18.178483	False	0.133
2	83	4	9348.692	9.348692	False	0.133
2	84	1	14469.806	14.469806	False	0.133
2	84	2	3910.093	3.910093	False	0.133
2	84	3	1760.266	1.760266	False	0.133
2	84	4	18215.596	18.215596	False	0.425
2	84	5	2782.701	2.782701	False	0.133
2	84	6	9084.268	9.084268	False	0.133
2	84	7	10396.925	10.396925	False	0.133
2	84	8	10074.010	10.074010	False	0.133
2	85	1	30483.670	30.483670	False	0.133
2	85	2	10771.774	10.771774	False	0.133
2	85	3	12300.950	12.300950	False	0.133
2	85	4	34632.516	34.632516	False	0.552
2	85	5	14993.301	14.993301	False	0.133
2	85	6	11549.556	11.549556	False	0.133
2	85	7	9641.825	9.641825	False	0.133
2	85	8	9159.713	9.159713	False	0.133
2	86	1	22324.748	22.324748	False	0.458
2	86	2	2882.884	2.882884	False	0.133
2	86	3	10475.545	10.475545	False	0.133
2	86	4	2053.202	2.053202	False	0.133
2	86	5	9986.875	9.986875	False	0.133
2	87	1	19089.540	19.089540	False	0.482
2	87	2	16267.702	16.267702	False	0.133
2	87	3	9110.894	9.110894	False	0.133
2	87	4	24863.827	24.863827	False	0.133
2	87	5	15067.161	15.067161	False	0.133
2	88	1	13702.704	13.702704	False	0.446
2	88	2	15461.020	15.461020	False	0.133
2	88	3	2358.174	2.358174	False	0.133
2	88	4	41467.264	41.467264	False	0.478
2	88	5	2158.992	2.158992	False	0.133
2	88	6	24632.251	24.632251	True	0.732
2	89	1	3308.991	3.308991	False	0.133
2	89	2	17088.956	17.088956	False	0.444
2	89	3	13480.203	13.480203	False	0.352
2	89	4	14169.350	14.169350	False	0.385
2	89	5	16722.615	16.722615	False	0.453
2	89	6	19743.068	19.743068	False	0.38
2	89	7	17059.748	17.059748	False	0.471
2	89	8	16375.078	16.375078	False	0.422
2	89	9	13221.048	13.221048	False	0.423
2	89	10	24851.842	24.851842	False	0.133
2	89	11	16507.993	16.507993	False	0.404
2	89	12	15549.962	15.549962	False	0.356
2	90	1	12875.196	12.875196	False	0.133
2	90	2	10442.249	10.442249	False	0.133
2	90	3	3473.576	3.473576	False	0.133
2	90	4	9098.812	9.098812	False	0.133
2	91	1	21383.342	21.383342	False	0.428
2	91	2	17578.663	17.578663	False	0.367
2	91	3	18697.516	18.697516	False	0.429
2	91	4	12523.933	12.523933	False	0.404
2	91	5	20775.617	20.775617	False	0.424
2	91	6	13848.569	13.848569	False	0.482
2	91	7	12148.752	12.148752	False	0.429
2	91	8	18606.299	18.606299	False	0.408
2	91	9	21322.266	21.322266	False	0.42
2	91	10	11120.230	11.120230	False	0.429
2	91	11	17056.842	17.056842	False	0.423
2	92	1	12308.632	12.308632	False	0.133
2	92	2	15329.543	15.329543	False	0.133
2	92	3	2868.290	2.868290	False	0.133
2	92	4	13783.840	13.783840	False	0.133
2	93	1	18579.514	18.579514	False	0.455
2	93	2	12828.121	12.828121	False	0.133
2	93	3	15373.806	15.373806	False	0.402
2	93	4	9662.767	9.662767	False	0.133
2	93	5	20558.956	20.558956	False	0.133
2	93	6	13295.201	13.295201	False	0.133
2	94	1	17061.679	17.061679	False	0.475
2	94	2	35596.676	35.596676	False	0.48
2	94	3	16654.721	16.654721	False	0.396
2	94	4	17837.839	17.837839	False	0.394
2	94	5	17436.216	17.436216	False	0.408
2	94	6	15366.201	15.366201	False	0.421
2	95	1	6975.545	6.975545	False	0.462
2	95	2	12502.649	12.502649	False	0.133
2	95	3	13668.302	13.668302	False	0.423
2	95	4	10374.899	10.374899	False	0.462
2	95	5	2432.998	2.432998	False	0.462
2	95	6	15831.981	15.831981	False	0.461
2	96	1	11387.099	11.387099	False	0.133
2	96	2	12504.844	12.504844	False	0.133
2	96	3	9819.207	9.819207	False	0.133
2	96	4	19392.723	19.392723	False	0.452
2	96	5	14649.915	14.649915	False	0.133
2	96	6	13358.735	13.358735	False	0.133
2	96	7	18490.671	18.490671	False	0.444
2	96	8	17972.686	17.972686	False	0.461
2	96	9	11765.362	11.765362	False	0.133
2	97	1	22744.347	22.744347	False	0.462
2	97	2	18277.332	18.277332	False	0.479
2	97	3	15654.385	15.654385	False	0.478
2	97	4	21308.820	21.308820	False	0.437
2	97	5	13366.331	13.366331	False	0.401
2	97	6	12784.275	12.784275	False	0.452
2	97	7	4034.226	4.034226	False	0.133
2	98	1	12479.395	12.479395	False	0.494
2	98	2	21458.799	21.458799	False	0.461
2	98	3	14981.311	14.981311	False	0.472
2	98	4	13979.868	13.979868	False	0.446
2	98	5	17619.557	17.619557	False	0.425
2	98	6	14559.894	14.559894	False	0.465
2	99	1	15157.015	15.157015	False	0.387
2	99	2	16206.324	16.206324	False	0.409
2	99	3	10950.130	10.950130	False	0.133
2	99	4	10881.338	10.881338	False	0.412
2	99	5	2234.440	2.234440	False	0.133
2	99	6	2441.858	2.441858	False	0.133
2	99	7	15352.941	15.352941	False	0.422
2	99	8	9986.903	9.986903	False	0.387
2	99	9	12622.811	12.622811	False	0.133
2	99	10	13502.312	13.502312	False	0.415
2	99	11	14106.764	14.106764	False	0.439
2	99	12	15583.949	15.583949	False	0.362
2	99	13	15898.992	15.898992	False	0.47
2	99	14	11994.792	11.994792	False	0.385
2	99	15	15287.963	15.287963	False	0.46
2	99	16	17486.520	17.486520	False	0.417
2	99	17	15369.782	15.369782	False	0.421
2	99	18	12050.278	12.050278	False	0.428
2	100	1	15054.207	15.054207	False	0.381
2	100	2	12796.482	12.796482	False	0.413
2	100	3	5259.340	5.259340	False	0.133
2	100	4	13189.533	13.189533	False	0.133
2	100	5	12393.335	12.393335	False	0.133
2	100	6	13862.831	13.862831	False	0.133
2	101	1	8376.700	8.376700	False	0.401
2	101	2	14776.496	14.776496	False	0.381
2	101	3	15267.552	15.267552	False	0.376
2	101	4	2673.480	2.673480	False	0.401
2	101	5	13239.965	13.239965	False	0.133
2	101	6	14240.331	14.240331	False	0.392
2	102	1	16151.254	16.151254	False	0.399
2	102	2	16890.990	16.890990	False	0.466
2	102	3	18379.354	18.379354	False	0.383
2	102	4	15119.819	15.119819	False	0.392
2	102	5	13904.471	13.904471	False	0.133
2	102	6	16049.333	16.049333	False	0.389
2	102	7	3539.941	3.539941	False	0.133
2	103	1	3984.526	3.984526	False	0.133
2	103	2	17649.549	17.649549	False	0.446
2	103	3	13668.636	13.668636	False	0.409
2	103	4	15333.429	15.333429	False	0.422
2	103	5	17846.040	17.846040	False	0.467
2	103	6	20297.902	20.297902	False	0.408
2	103	7	16160.812	16.160812	False	0.421
2	103	8	16830.051	16.830051	False	0.431
2	103	9	18064.881	18.064881	False	0.424
2	103	10	1753.517	1.753517	False	0.133
2	104	1	16605.898	16.605898	False	0.392
2	104	2	14305.245	14.305245	False	0.133
2	104	3	14080.303	14.080303	False	0.385
2	104	4	16251.036	16.251036	False	0.459
2	104	5	18059.142	18.059142	False	0.475
2	104	6	27445.344	27.445344	False	0.442
2	104	7	5042.691	5.042691	False	0.411
2	104	8	18497.416	18.497416	False	0.437
2	104	9	17661.365	17.661365	False	0.407
2	104	10	19657.292	19.657292	False	0.531
2	104	11	2793.385	2.793385	False	0.411
2	104	12	13538.769	13.538769	False	0.38
2	104	13	13022.971	13.022971	False	0.133
2	104	14	18529.621	18.529621	False	0.373
2	104	15	14069.361	14.069361	False	0.423
2	105	1	3272.466	3.272466	False	0.133
2	105	2	15204.839	15.204839	False	0.133
2	105	3	17593.314	17.593314	False	0.425
2	105	4	16729.209	16.729209	True	0.783
2	106	1	3770.548	3.770548	False	0.133
2	106	2	16750.600	16.750600	False	0.432
2	106	3	1913.937	1.913937	False	0.133
2	106	4	12725.347	12.725347	False	0.133
2	106	5	2674.732	2.674732	False	0.133
2	106	6	16240.282	16.240282	False	0.133
2	107	1	10344.796	10.344796	False	0.133
2	107	2	21513.344	21.513344	False	0.462
2	107	3	12062.150	12.062150	False	0.133
2	107	4	19548.049	19.548049	False	0.133
2	107	5	26519.342	26.519342	False	0.468
2	107	6	10450.103	10.450103	False	0.133
2	107	7	11023.040	11.023040	False	0.432
2	108	1	19397.630	19.397630	False	0.425
2	108	2	15423.517	15.423517	False	0.424
2	108	3	15624.927	15.624927	False	0.431
2	108	4	16312.747	16.312747	False	0.427
2	108	5	16466.217	16.466217	False	0.4
2	108	6	11651.387	11.651387	False	0.133
2	109	1	14754.316	14.754316	False	0.411
2	109	2	22427.372	22.427372	False	0.433
2	109	3	16754.944	16.754944	False	0.428
2	109	4	18264.675	18.264675	False	0.462
2	109	5	15920.142	15.920142	False	0.421
2	109	6	11731.837	11.731837	False	0.133
2	109	7	15961.569	15.961569	False	0.387
2	109	8	17517.238	17.517238	False	0.366
2	109	9	18877.709	18.877709	False	0.439
2	110	1	18098.162	18.098162	False	0.383
2	110	2	20689.918	20.689918	False	0.133
2	110	3	17664.402	17.664402	False	0.421
2	110	4	10399.775	10.399775	False	0.424
2	110	5	2638.340	2.638340	False	0.133
2	110	6	15667.913	15.667913	False	0.401
2	110	7	3334.165	3.334165	False	0.133
2	110	8	14653.266	14.653266	False	0.429
2	111	1	13594.666	13.594666	False	0.418
2	111	2	4283.565	4.283565	False	0.133
2	111	3	11749.842	11.749842	False	0.133
2	111	4	14862.326	14.862326	False	0.454
2	111	5	21234.581	21.234581	False	0.427
2	111	6	15727.667	15.727667	False	0.438
2	111	7	2514.537	2.514537	False	0.133
2	111	8	4673.292	4.673292	False	0.133
2	111	9	16386.524	16.386524	False	0.477
2	111	10	16082.360	16.082360	False	0.435
2	111	11	2511.332	2.511332	False	0.133
2	111	12	16415.654	16.415654	False	0.469
2	111	13	3430.571	3.430571	False	0.133
2	111	14	2796.677	2.796677	False	0.133
2	112	1	18754.533	18.754533	False	0.432
2	112	2	16539.182	16.539182	False	0.133
2	112	3	19357.413	19.357413	False	0.484
2	112	4	16917.722	16.917722	False	0.43
2	112	5	2712.335	2.712335	False	0.133
2	112	6	10553.731	10.553731	False	0.133
2	112	7	12264.624	12.264624	False	0.133
2	112	8	1512.040	1.512040	False	0.133
2	113	1	17753.692	17.753692	False	0.463
2	113	2	19574.322	19.574322	False	0.456
2	113	3	16717.446	16.717446	False	0.437
2	113	4	3797.989	3.797989	False	0.133
2	113	5	13059.850	13.059850	False	0.133
2	113	6	16248.369	16.248369	False	0.469
2	114	1	13424.446	13.424446	False	0.133
2	114	2	10596.799	10.596799	False	0.133
2	114	3	12775.270	12.775270	False	0.133
2	114	4	11601.460	11.601460	False	0.409
2	114	5	2433.432	2.433432	False	0.133
2	114	6	10565.854	10.565854	False	0.133
2	114	7	14658.691	14.658691	False	0.133
2	114	8	11601.206	11.601206	False	0.133
2	115	1	11739.969	11.739969	False	0.133
2	115	2	12970.128	12.970128	False	0.426
2	115	3	4372.732	4.372732	False	0.133
2	115	4	12447.573	12.447573	False	0.133
2	115	5	15193.507	15.193507	False	0.133
2	115	6	13575.180	13.575180	False	0.133
2	116	1	11101.148	11.101148	False	0.133
2	116	2	4368.319	4.368319	False	0.133
2	116	3	12938.768	12.938768	False	0.133
2	116	4	13919.007	13.919007	False	0.133
2	117	1	14029.541	14.029541	False	0.395
2	117	2	13048.938	13.048938	False	0.133
2	117	3	14621.242	14.621242	False	0.512
2	117	4	16138.677	16.138677	False	0.364
2	117	5	15974.288	15.974288	False	0.546
2	117	6	14011.314	14.011314	False	0.432
2	117	7	15208.949	15.208949	False	0.431
2	117	8	11249.528	11.249528	False	0.133
2	117	9	18099.791	18.099791	False	0.455
2	117	10	12242.273	12.242273	False	0.133
2	118	1	18696.343	18.696343	False	0.424
2	118	2	15237.982	15.237982	False	0.4
2	118	3	15083.668	15.083668	True	0.788
2	119	1	7706.050	7.706050	False	0.459
2	119	2	14273.679	14.273679	False	0.133
2	119	3	2119.063	2.119063	False	0.459
2	119	4	22137.258	22.137258	False	0.521
2	119	5	12101.752	12.101752	False	0.133
2	119	6	32998.805	32.998805	False	0.466
2	119	7	13258.025	13.258025	False	0.133
2	119	8	12309.324	12.309324	False	0.133
2	119	9	3326.870	3.326870	False	0.459
2	120	1	11508.160	11.508160	False	0.133
2	120	2	19866.950	19.866950	False	0.479
2	120	3	17651.744	17.651744	False	0.408
2	120	4	29931.720	29.931720	False	0.133
2	120	5	15467.703	15.467703	False	0.478
2	120	6	20365.982	20.365982	False	0.468
2	120	7	3197.321	3.197321	False	0.133
2	121	1	15723.676	15.723676	False	0.434
2	121	2	8266.457	8.266457	False	0.443
2	121	3	17606.086	17.606086	False	0.461
2	121	4	14194.331	14.194331	False	0.448
2	121	5	13688.503	13.688503	False	0.443
2	121	6	9837.926	9.837926	False	0.443
2	121	7	16225.372	16.225372	False	0.528
2	121	8	14227.300	14.227300	False	0.464
2	121	9	17614.963	17.614963	False	0.474
2	121	10	19653.619	19.653619	False	0.455
2	121	11	16267.956	16.267956	False	0.459
2	121	12	15470.212	15.470212	False	0.434
2	122	1	16783.328	16.783328	False	0.49
2	122	2	12528.864	12.528864	False	0.133
2	122	3	12948.332	12.948332	False	0.133
2	122	4	10257.588	10.257588	False	0.133
2	122	5	11642.891	11.642891	False	0.133
2	123	1	13134.846	13.134846	False	0.133
2	123	2	16265.192	16.265192	False	0.436
2	123	3	10375.368	10.375368	False	0.133
2	123	4	12855.174	12.855174	False	0.133
2	123	5	23478.193	23.478193	False	0.51
2	123	6	32539.692	32.539692	False	0.432
2	123	7	11650.707	11.650707	False	0.133
2	123	8	15960.780	15.960780	False	0.442
2	123	9	12644.456	12.644456	True	0.81
2	124	1	14080.674	14.080674	False	0.133
2	124	2	4119.564	4.119564	False	0.133
2	124	3	21684.685	21.684685	False	0.429
2	124	4	14852.150	14.852150	False	0.408
2	124	5	13356.080	13.356080	False	0.133
2	124	6	12391.629	12.391629	False	0.133
2	124	7	9438.270	9.438270	False	0.133
2	124	8	2787.157	2.787157	False	0.133
2	125	1	3023.607	3.023607	False	0.133
2	125	2	10363.089	10.363089	False	0.133
2	125	3	1666.621	1.666621	False	0.133
2	125	4	13971.777	13.971777	False	0.536
2	125	5	18481.033	18.481033	False	0.441
2	125	6	9433.380	9.433380	False	0.133
2	125	7	10907.932	10.907932	False	0.133
2	125	8	20695.934	20.695934	False	0.526
2	125	9	14200.618	14.200618	False	0.133
2	126	1	2479.195	2.479195	False	0.133
2	126	2	18208.257	18.208257	False	0.133
2	126	3	2674.656	2.674656	False	0.133
2	126	4	17465.515	17.465515	False	0.44
2	126	5	9620.198	9.620198	False	0.133
2	126	6	2304.374	2.304374	False	0.133
2	126	7	16008.039	16.008039	False	0.464
2	126	8	11523.367	11.523367	False	0.133
2	126	9	16243.587	16.243587	False	0.532
2	126	10	1711.628	1.711628	False	0.133
2	126	11	16010.999	16.010999	False	0.543
2	126	12	15117.933	15.117933	True	0.86
2	127	1	23272.356	23.272356	False	0.133
2	127	2	7027.259	7.027259	False	0.459
2	127	3	11105.817	11.105817	False	0.133
2	127	4	2197.636	2.197636	False	0.459
2	127	5	16744.771	16.744771	False	0.464
2	127	6	3333.726	3.333726	False	0.459
2	127	7	14844.122	14.844122	False	0.479
2	127	8	2652.301	2.652301	False	0.459
2	127	9	11900.971	11.900971	False	0.459
2	127	10	17068.940	17.068940	False	0.382
2	127	11	11309.000	11.309000	False	0.459
2	127	12	2676.486	2.676486	False	0.459
2	128	1	17402.241	17.402241	False	0.507
2	128	2	11456.141	11.456141	False	0.133
2	128	3	14950.727	14.950727	False	0.529
2	128	4	13342.732	13.342732	False	0.512
2	128	5	14610.433	14.610433	False	0.51
2	128	6	11424.263	11.424263	False	0.133
2	128	7	1755.299	1.755299	False	0.133
2	128	8	13462.465	13.462465	False	0.506
2	129	1	16065.365	16.065365	False	0.133
2	129	2	19195.851	19.195851	False	0.521
2	129	3	12603.579	12.603579	False	0.133
2	129	4	2115.203	2.115203	False	0.133
2	129	5	16367.673	16.367673	False	0.133
2	129	6	3550.410	3.550410	False	0.133
2	130	1	14421.351	14.421351	False	0.406
2	130	2	16407.271	16.407271	False	0.409
2	130	3	20791.943	20.791943	False	0.486
2	130	4	2992.470	2.992470	False	0.133
2	130	5	2216.017	2.216017	False	0.133
2	130	6	15440.613	15.440613	False	0.368
2	130	7	17843.755	17.843755	False	0.133
2	130	8	8284.931	8.284931	False	0.133
2	131	1	5038.453	5.038453	False	0.133
2	131	2	3343.884	3.343884	False	0.133
2	131	3	17370.447	17.370447	False	0.133
2	131	4	14919.277	14.919277	False	0.133
2	132	1	3202.728	3.202728	False	0.133
2	132	2	19597.069	19.597069	True	0.714
2	133	1	2662.013	2.662013	False	0.133
2	133	2	12001.403	12.001403	False	0.133
2	133	3	15226.443	15.226443	False	0.439
2	133	4	11859.606	11.859606	False	0.133
2	133	5	20165.865	20.165865	False	0.133
2	133	6	1814.143	1.814143	False	0.133
2	133	7	16300.819	16.300819	False	0.522
2	133	8	20473.458	20.473458	False	0.497
2	133	9	27866.735	27.866735	False	0.133
2	133	10	13422.489	13.422489	True	0.819
2	134	1	11712.794	11.712794	False	0.133
2	134	2	11818.579	11.818579	False	0.133
2	134	3	18818.848	18.818848	False	0.51
2	134	4	14781.424	14.781424	False	0.133
2	134	5	1807.975	1.807975	False	0.133
2	134	6	12983.457	12.983457	False	0.133
2	134	7	15702.578	15.702578	False	0.467
2	134	8	11034.308	11.034308	False	0.133
2	135	1	11591.580	11.591580	False	0.133
2	135	2	11827.973	11.827973	False	0.133
2	135	3	11886.431	11.886431	False	0.133
2	135	4	12283.900	12.283900	False	0.133
2	136	1	7273.912	7.273912	False	0.554
2	136	2	18559.045	18.559045	True	0.85
2	137	1	4002.398	4.002398	False	0.133
2	137	2	13364.836	13.364836	False	0.133
2	137	3	14345.717	14.345717	False	0.481
2	137	4	12073.224	12.073224	False	0.133
2	137	5	15948.059	15.948059	True	0.845
2	138	1	14796.071	14.796071	False	0.448
2	138	2	18329.981	18.329981	False	0.492
2	138	3	14742.708	14.742708	False	0.431
2	138	4	18623.529	18.623529	False	0.472
2	138	5	2285.230	2.285230	False	0.448
2	138	6	12665.861	12.665861	False	0.448
2	138	7	2764.169	2.764169	False	0.448
2	139	1	12490.747	12.490747	False	0.133
2	139	2	5250.754	5.250754	False	0.133
2	139	3	13841.298	13.841298	False	0.133
2	139	4	18315.805	18.315805	False	0.491
2	139	5	2526.158	2.526158	False	0.133
2	139	6	13892.675	13.892675	False	0.525
2	139	7	13453.307	13.453307	False	0.133
2	139	8	3920.981	3.920981	False	0.133
2	139	9	15701.860	15.701860	False	0.444
2	139	10	18146.988	18.146988	False	0.443
2	139	11	16488.498	16.488498	False	0.481
2	140	1	12401.771	12.401771	True	0.749
2	141	1	10417.737	10.417737	False	0.499
2	141	2	13687.673	13.687673	False	0.432
2	141	3	3062.927	3.062927	False	0.133
2	141	4	24095.746	24.095746	False	0.474
2	141	5	1890.391	1.890391	False	0.133
2	141	6	22205.762	22.205762	False	0.446
2	142	1	15976.161	15.976161	False	0.392
2	142	2	1902.329	1.902329	False	0.133
2	142	3	13435.209	13.435209	True	0.78
2	143	1	18614.723	18.614723	False	0.467
2	143	2	15286.411	15.286411	False	0.452
2	143	3	12362.064	12.362064	False	0.133
2	143	4	18876.023	18.876023	False	0.466
2	143	5	13988.433	13.988433	True	0.748
2	144	1	2687.053	2.687053	False	0.133
2	144	2	19401.587	19.401587	False	0.441
2	144	3	19365.177	19.365177	False	0.555
2	144	4	2388.478	2.388478	False	0.133
2	144	5	16047.128	16.047128	False	0.41
2	144	6	1242.750	1.242750	False	0.133
2	144	7	12720.943	12.720943	False	0.133
2	144	8	11763.384	11.763384	False	0.133
2	145	1	11030.623	11.030623	False	0.133
2	145	2	23599.157	23.599157	False	0.438
2	145	3	3627.648	3.627648	False	0.133
2	145	4	11758.919	11.758919	False	0.133
2	145	5	3025.335	3.025335	False	0.133
2	145	6	13848.074	13.848074	False	0.133
2	146	1	4744.851	4.744851	False	0.133
2	146	2	13173.309	13.173309	False	0.133
2	146	3	50363.565	50.363565	False	0.133
2	146	4	16498.237	16.498237	False	0.476
2	146	5	12720.614	12.720614	False	0.133
2	146	6	1915.380	1.915380	False	0.133
2	146	7	11807.092	11.807092	False	0.133
2	146	8	12851.464	12.851464	False	0.133
2	147	1	18185.810	18.185810	False	0.39
2	147	2	8453.742	8.453742	False	0.434
2	147	3	16413.263	16.413263	False	0.421
2	147	4	18262.683	18.262683	False	0.423
2	147	5	15938.637	15.938637	False	0.403
2	147	6	18017.396	18.017396	False	0.406
2	147	7	1822.741	1.822741	False	0.434
2	148	1	21499.043	21.499043	False	0.429
2	148	2	11891.313	11.891313	False	0.133
2	148	3	9276.590	9.276590	False	0.133
2	148	4	18667.102	18.667102	False	0.445
2	148	5	2957.452	2.957452	False	0.133
2	148	6	21258.071	21.258071	False	0.441
2	148	7	20636.666	20.636666	False	0.133
2	148	8	18813.839	18.813839	False	0.435
2	148	9	2550.959	2.550959	False	0.133
2	149	1	15483.003	15.483003	False	0.494
2	149	2	15536.424	15.536424	False	0.435
2	149	3	22214.985	22.214985	False	0.451
2	149	4	19070.650	19.070650	False	0.424
2	149	5	15605.798	15.605798	False	0.433
2	149	6	15894.209	15.894209	False	0.383
2	150	1	6836.519	6.836519	False	0.431
2	150	2	17233.388	17.233388	False	0.133
2	150	3	16549.325	16.549325	False	0.43
2	150	4	12385.226	12.385226	False	0.431
2	150	5	21285.184	21.285184	False	0.439
2	150	6	15100.140	15.100140	False	0.409
2	151	1	33298.180	33.298180	False	0.432
2	151	2	19963.619	19.963619	False	0.133
2	151	3	17013.426	17.013426	False	0.445
2	151	4	11185.027	11.185027	False	0.133
2	151	5	16574.742	16.574742	False	0.465
2	151	6	14932.225	14.932225	False	0.444
2	151	7	17070.792	17.070792	False	0.432
2	151	8	3729.388	3.729388	False	0.133
2	151	9	17743.499	17.743499	False	0.429
2	151	10	18974.714	18.974714	False	0.418
2	152	1	27034.046	27.034046	False	0.356
2	152	2	11670.302	11.670302	False	0.133
2	152	3	20715.817	20.715817	False	0.439
2	152	4	4770.100	4.770100	False	0.133
2	152	5	24112.537	24.112537	False	0.433
2	152	6	2869.089	2.869089	False	0.133
2	152	7	2304.848	2.304848	False	0.133
2	152	8	2701.134	2.701134	False	0.133
2	153	1	7437.426	7.437426	False	0.415
2	153	2	15654.974	15.654974	False	0.356
2	153	3	16720.060	16.720060	False	0.374
2	153	4	11655.615	11.655615	False	0.499
2	153	5	16533.706	16.533706	False	0.405
2	153	6	18993.903	18.993903	False	0.424
2	153	7	13209.061	13.209061	False	0.133
2	153	8	10916.238	10.916238	False	0.415
2	153	9	3634.885	3.634885	False	0.415
2	154	1	12738.543	12.738543	False	0.133
2	154	2	15450.649	15.450649	False	0.427
2	154	3	3219.299	3.219299	False	0.133
2	154	4	5657.644	5.657644	False	0.133
2	154	5	22730.583	22.730583	False	0.414
2	154	6	17388.412	17.388412	False	0.47
2	154	7	17906.549	17.906549	False	0.399
2	154	8	21957.770	21.957770	False	0.392
2	154	9	17905.791	17.905791	False	0.407
2	154	10	2215.739	2.215739	False	0.133
2	154	11	25550.186	25.550186	False	0.391
2	155	1	13901.879	13.901879	False	0.133
2	155	2	16645.244	16.645244	False	0.448
2	155	3	12962.322	12.962322	False	0.133
2	155	4	27578.098	27.578098	False	0.442
2	155	5	22369.079	22.369079	False	0.434
2	155	6	18853.428	18.853428	False	0.473
2	155	7	15816.008	15.816008	False	0.406
2	155	8	12566.179	12.566179	False	0.133
2	155	9	21310.633	21.310633	False	0.452
2	155	10	21673.732	21.673732	False	0.446
2	155	11	16239.749	16.239749	False	0.427
2	156	1	15648.224	15.648224	False	0.133
2	156	2	12823.738	12.823738	False	0.475
2	156	3	2609.760	2.609760	False	0.133
2	156	4	20550.413	20.550413	False	0.498
2	156	5	15293.809	15.293809	False	0.59
2	156	6	17751.203	17.751203	False	0.586
2	156	7	2339.208	2.339208	False	0.133
2	156	8	10219.596	10.219596	False	0.133
2	156	9	13441.642	13.441642	False	0.133
2	156	10	2547.869	2.547869	False	0.133
2	157	1	3557.524	3.557524	False	0.133
2	157	2	9513.930	9.513930	False	0.133
2	157	3	14152.020	14.152020	False	0.445
2	157	4	18298.389	18.298389	False	0.384
2	157	5	2759.062	2.759062	False	0.133
2	157	6	15469.757	15.469757	False	0.405
2	157	7	2119.564	2.119564	False	0.133
2	157	8	2633.090	2.633090	False	0.133
2	158	1	16481.811	16.481811	False	0.133
2	158	2	13760.244	13.760244	False	0.133
2	158	3	13543.490	13.543490	False	0.394
2	158	4	18814.481	18.814481	False	0.319
2	158	5	12375.637	12.375637	False	0.133
2	158	6	18432.741	18.432741	False	0.428
2	158	7	16547.495	16.547495	False	0.409
2	158	8	13695.635	13.695635	False	0.133
2	158	9	17632.232	17.632232	False	0.431
2	158	10	20575.781	20.575781	False	0.375
2	158	11	14311.898	14.311898	False	0.395
2	159	1	8673.413	8.673413	False	0.413
2	159	2	13838.056	13.838056	False	0.133
2	159	3	10307.507	10.307507	False	0.133
2	159	4	17364.516	17.364516	False	0.133
2	159	5	3163.310	3.163310	False	0.413
2	159	6	2843.317	2.843317	False	0.413
2	160	1	23021.631	23.021631	True	0.823
2	161	1	3595.373	3.595373	False	0.133
2	161	2	2122.444	2.122444	False	0.133
2	161	3	16777.320	16.777320	False	0.525
2	161	4	1812.070	1.812070	False	0.133
2	161	5	13933.400	13.933400	False	0.133
2	161	6	11835.281	11.835281	False	0.133
2	161	7	15399.024	15.399024	False	0.473
2	161	8	9625.644	9.625644	False	0.133
2	162	1	12403.149	12.403149	False	0.133
2	162	2	2868.825	2.868825	False	0.133
2	162	3	3029.422	3.029422	False	0.133
2	162	4	2157.334	2.157334	False	0.133
2	163	1	31303.367	31.303367	False	0.471
2	163	2	2750.659	2.750659	False	0.133
2	163	3	11110.220	11.110220	False	0.133
2	163	4	15875.877	15.875877	False	0.542
2	163	5	12445.874	12.445874	False	0.133
2	163	6	10397.054	10.397054	False	0.499
2	163	7	14250.619	14.250619	False	0.133
2	163	8	15657.030	15.657030	False	0.133
2	163	9	16704.710	16.704710	False	0.444
2	164	1	4183.590	4.183590	False	0.133
2	164	2	14985.113	14.985113	False	0.43
2	164	3	10510.652	10.510652	False	0.133
2	164	4	13934.448	13.934448	False	0.133
2	164	5	9916.539	9.916539	False	0.133
2	164	6	17364.676	17.364676	False	0.39
2	164	7	13743.864	13.743864	False	0.133
2	165	1	23126.574	23.126574	False	0.504
2	165	2	19494.051	19.494051	False	0.49
2	165	3	10793.128	10.793128	False	0.133
2	165	4	14825.672	14.825672	False	0.133
2	165	5	4320.240	4.320240	False	0.133
2	165	6	12561.518	12.561518	False	0.433
2	166	1	16765.128	16.765128	False	0.485
2	166	2	15547.094	15.547094	False	0.454
2	166	3	15254.310	15.254310	False	0.133
2	166	4	20547.190	20.547190	False	0.385
2	166	5	17882.328	17.882328	False	0.439
2	166	6	24865.834	24.865834	False	0.439
2	167	1	17721.529	17.721529	False	0.464
2	167	2	32061.352	32.061352	False	0.489
2	167	3	6839.901	6.839901	False	0.395
2	167	4	4074.071	4.074071	False	0.395
2	167	5	2792.532	2.792532	False	0.395
2	167	6	2071.362	2.071362	False	0.395
2	167	7	34868.002	34.868002	True	0.829
2	168	1	3970.346	3.970346	False	0.133
2	168	2	11700.147	11.700147	False	0.133
2	168	3	18006.207	18.006207	False	0.442
2	168	4	10889.985	10.889985	False	0.133
2	168	5	19059.745	19.059745	False	0.449
2	168	6	22203.274	22.203274	False	0.444
2	168	7	26033.976	26.033976	False	0.518
2	168	8	17634.480	17.634480	False	0.451
2	168	9	15693.880	15.693880	False	0.327
2	168	10	22122.787	22.122787	False	0.477
2	168	11	14523.853	14.523853	False	0.412
2	168	12	10180.729	10.180729	False	0.133
2	169	1	15419.351	15.419351	False	0.133
2	169	2	14583.296	14.583296	False	0.476
2	169	3	14380.715	14.380715	False	0.437
2	169	4	14637.258	14.637258	False	0.415
2	169	5	11454.094	11.454094	False	0.133
2	169	6	7391.927	7.391927	False	0.54
2	169	7	14567.136	14.567136	False	0.496
2	169	8	18259.049	18.259049	False	0.521
2	169	9	16763.721	16.763721	False	0.355
2	169	10	11106.657	11.106657	False	0.133
2	169	11	18344.056	18.344056	False	0.133
2	170	1	26792.916	26.792916	False	0.523
2	170	2	36197.069	36.197069	False	0.45
2	170	3	19626.383	19.626383	False	0.498
2	170	4	22791.542	22.791542	False	0.488
2	170	5	21541.896	21.541896	False	0.455
2	170	6	19372.700	19.372700	False	0.499
2	171	1	8546.173	8.546173	False	0.133
2	171	2	16015.429	16.015429	False	0.438
2	171	3	9407.884	9.407884	False	0.133
2	171	4	14796.464	14.796464	False	0.133
2	171	5	18742.918	18.742918	False	0.42
2	171	6	14195.700	14.195700	False	0.42
2	171	7	15952.850	15.952850	False	0.477
2	171	8	10057.309	10.057309	False	0.133
2	171	9	20356.264	20.356264	False	0.133
2	171	10	17701.233	17.701233	False	0.43
2	171	11	24613.217	24.613217	False	0.456
2	171	12	19491.954	19.491954	False	0.398
2	172	1	15610.388	15.610388	False	0.579
2	172	2	10468.144	10.468144	False	0.133
2	172	3	18980.029	18.980029	False	0.133
2	172	4	8956.654	8.956654	False	0.579
2	172	5	3310.459	3.310459	False	0.133
2	172	6	15072.309	15.072309	False	0.512
2	173	1	12457.996	12.457996	False	0.511
2	173	2	4068.593	4.068593	False	0.133
2	173	3	14772.290	14.772290	False	0.459
2	173	4	11463.321	11.463321	False	0.516
2	173	5	14457.838	14.457838	False	0.509
2	173	6	3170.550	3.170550	False	0.133
2	174	1	2535.829	2.535829	False	0.133
2	174	2	30720.652	30.720652	True	0.833
2	175	1	2297.303	2.297303	False	0.133
2	175	2	2381.634	2.381634	False	0.133
2	175	3	2058.453	2.058453	False	0.133
2	175	4	22321.732	22.321732	False	0.45
2	175	5	11880.771	11.880771	False	0.133
2	175	6	8948.298	8.948298	False	0.133
2	175	7	11914.013	11.914013	False	0.133
2	175	8	22548.922	22.548922	False	0.492
2	175	9	12510.392	12.510392	False	0.488
2	175	10	2356.983	2.356983	False	0.133
2	175	11	12763.221	12.763221	False	0.133
2	175	12	22785.872	22.785872	False	0.46
2	175	13	16416.815	16.416815	False	0.474
2	176	1	20299.398	20.299398	False	0.477
2	176	2	12937.597	12.937597	False	0.133
2	176	3	10050.747	10.050747	False	0.133
2	176	4	17937.750	17.937750	False	0.517
2	176	5	9567.205	9.567205	False	0.432
2	176	6	10811.495	10.811495	False	0.133
2	176	7	13186.735	13.186735	False	0.133
2	176	8	19052.598	19.052598	False	0.432
2	176	9	2523.926	2.523926	False	0.133
2	177	1	45622.526	45.622526	False	0.133
2	177	2	12637.581	12.637581	True	0.752
2	178	1	18246.579	18.246579	False	0.426
2	178	2	20559.803	20.559803	False	0.133
2	178	3	16794.029	16.794029	True	0.806
2	179	1	21895.289	21.895289	False	0.419
2	179	2	13943.795	13.943795	False	0.373
2	179	3	20230.888	20.230888	False	0.438
2	179	4	8461.880	8.461880	False	0.435
2	179	5	15047.475	15.047475	False	0.427
2	179	6	15893.554	15.893554	False	0.452
2	179	7	10058.658	10.058658	False	0.499
2	179	8	35978.829	35.978829	True	0.854
2	180	1	17505.005	17.505005	False	0.456
2	180	2	4712.891	4.712891	True	0.857
2	181	1	19597.208	19.597208	False	0.358
2	181	2	83529.923	83.529923	True	0.946
2	182	1	24114.875	24.114875	True	0.934
2	183	1	11585.012	11.585012	False	0.133
2	183	2	6350.213	6.350213	False	0.444
2	183	3	11310.251	11.310251	False	0.133
2	183	4	2784.493	2.784493	False	0.444
2	183	5	9878.608	9.878608	False	0.133
2	183	6	13420.942	13.420942	False	0.133
2	183	7	9466.478	9.466478	False	0.133
2	184	1	11746.035	11.746035	False	0.133
2	184	2	17229.462	17.229462	False	0.448
2	184	3	13313.814	13.313814	False	0.133
2	184	4	16065.805	16.065805	False	0.462
2	184	5	7325.004	7.325004	False	0.427
2	184	6	3073.152	3.073152	False	0.427
2	184	7	18850.064	18.850064	True	0.826
2	185	1	13641.709	13.641709	False	0.432
2	185	2	9859.788	9.859788	False	0.463
2	185	3	16624.860	16.624860	False	0.458
2	185	4	14688.248	14.688248	False	0.519
2	185	5	1976.874	1.976874	False	0.463
2	185	6	12661.949	12.661949	False	0.452
2	185	7	14195.664	14.195664	False	0.484
2	185	8	21272.746	21.272746	False	0.556
2	185	9	20665.462	20.665462	True	0.831
2	186	1	13974.609	13.974609	False	0.133
2	186	2	13482.297	13.482297	False	0.514
2	186	3	1648.048	1.648048	False	0.133
2	186	4	2152.720	2.152720	False	0.133
2	186	5	1322.733	1.322733	False	0.133
2	186	6	2290.108	2.290108	False	0.133
2	187	1	8525.872	8.525872	False	0.43
2	187	2	18293.297	18.293297	False	0.396
2	187	3	19764.406	19.764406	False	0.519
2	187	4	15393.231	15.393231	False	0.133
2	187	5	18688.671	18.688671	False	0.449
2	187	6	4628.567	4.628567	False	0.43
2	187	7	14259.925	14.259925	False	0.133
2	187	8	10741.142	10.741142	False	0.43
2	188	1	7828.512	7.828512	False	0.42
2	188	2	19968.224	19.968224	False	0.457
2	188	3	20674.540	20.674540	False	0.436
2	188	4	17585.098	17.585098	False	0.449
2	188	5	23100.371	23.100371	False	0.393
2	188	6	15671.150	15.671150	False	0.133
2	188	7	16469.756	16.469756	False	0.452
2	189	1	20225.284	20.225284	False	0.467
2	189	2	24792.813	24.792813	True	0.838
2	190	1	2293.724	2.293724	False	0.133
2	190	2	1995.127	1.995127	False	0.133
2	190	3	27287.575	27.287575	True	0.818
2	191	1	7013.780	7.013780	False	0.404
2	191	2	20480.179	20.480179	True	0.779
2	192	1	14358.245	14.358245	False	0.504
2	192	2	19856.730	19.856730	False	0.572
2	192	3	19497.389	19.497389	False	0.544
2	192	4	19118.781	19.118781	True	0.867
2	193	1	14167.921	14.167921	False	0.574
2	193	2	13558.959	13.558959	False	0.133
2	193	3	13020.489	13.020489	True	0.867
2	194	1	11337.839	11.337839	False	0.133
2	194	2	17222.588	17.222588	False	0.133
2	194	3	17760.412	17.760412	False	0.133
2	194	4	9721.998	9.721998	False	0.133
2	195	1	17912.399	17.912399	False	0.519
2	195	2	3464.448	3.464448	False	0.133
2	195	3	13614.271	13.614271	False	0.133
2	195	4	13045.040	13.045040	False	0.133
2	195	5	12837.532	12.837532	False	0.133
2	196	1	11016.205	11.016205	True	0.912
2	197	1	18035.110	18.035110	False	0.38
2	197	2	15505.368	15.505368	False	0.396
2	197	3	16706.325	16.706325	False	0.419
2	197	4	17995.774	17.995774	False	0.402
2	197	5	16239.365	16.239365	False	0.397
2	197	6	6955.852	6.955852	False	0.381
2	197	7	14571.502	14.571502	False	0.381
2	197	8	19646.435	19.646435	False	0.424
2	198	1	10158.647	10.158647	False	0.133
2	198	2	2335.753	2.335753	False	0.133
2	198	3	23516.937	23.516937	False	0.468
2	198	4	10672.680	10.672680	False	0.133
2	198	5	9477.796	9.477796	False	0.133
2	198	6	1805.078	1.805078	False	0.133
2	198	7	18357.818	18.357818	False	0.429
2	198	8	26130.717	26.130717	False	0.481
2	198	9	14643.110	14.643110	False	0.544
2	198	10	2007.552	2.007552	False	0.133
2	198	11	20758.025	20.758025	False	0.133
2	198	12	12377.437	12.377437	False	0.133
2	198	13	10976.058	10.976058	False	0.133
2	199	1	16441.707	16.441707	False	0.444
2	199	2	12962.001	12.962001	False	0.413
2	199	3	22529.542	22.529542	False	0.52
2	199	4	27173.621	27.173621	False	0.436
2	199	5	15459.903	15.459903	False	0.415
2	199	6	21426.834	21.426834	False	0.5
2	199	7	15547.946	15.547946	False	0.435
2	199	8	20433.355	20.433355	False	0.387
2	200	1	12175.404	12.175404	False	0.133
2	200	2	20037.246	20.037246	False	0.349
2	200	3	25668.949	25.668949	False	0.446
2	200	4	2391.153	2.391153	False	0.446
2	200	5	18738.943	18.738943	False	0.43
2	200	6	2111.300	2.111300	False	0.446
2	200	7	15112.470	15.112470	False	0.454
2	200	8	11993.065	11.993065	False	0.446
2	201	1	4084.411	4.084411	False	0.133
2	201	2	18741.420	18.741420	False	0.358
2	201	3	10799.086	10.799086	False	0.133
2	201	4	14662.650	14.662650	False	0.453
2	201	5	16767.130	16.767130	False	0.446
2	201	6	1808.253	1.808253	False	0.133
2	201	7	23838.693	23.838693	False	0.543
2	201	8	18982.423	18.982423	False	0.502
2	201	9	2387.929	2.387929	False	0.133
2	201	10	3352.146	3.352146	False	0.133
2	201	11	9521.001	9.521001	False	0.133
2	201	12	3347.393	3.347393	False	0.133
2	202	1	16963.107	16.963107	False	0.452
2	202	2	12937.630	12.937630	False	0.133
2	202	3	3894.940	3.894940	False	0.133
2	202	4	21812.147	21.812147	False	0.133
2	202	5	13586.352	13.586352	False	0.133
2	203	1	21205.467	21.205467	False	0.427
2	203	2	17277.900	17.277900	False	0.512
2	203	3	7819.176	7.819176	False	0.441
2	203	4	2390.728	2.390728	False	0.441
2	203	5	11129.961	11.129961	False	0.441
2	203	6	17121.176	17.121176	False	0.443
2	203	7	12290.751	12.290751	False	0.443
2	204	1	13763.711	13.763711	False	0.133
2	204	2	12458.634	12.458634	False	0.133
2	204	3	20294.948	20.294948	False	0.133
2	204	4	3908.206	3.908206	False	0.133
2	205	1	17708.357	17.708357	False	0.436
2	205	2	12059.806	12.059806	False	0.403
2	205	3	13396.299	13.396299	False	0.426
2	205	4	2144.872	2.144872	False	0.436
2	205	5	2596.332	2.596332	False	0.436
2	205	6	2201.356	2.201356	False	0.436
2	206	1	10510.584	10.510584	False	0.437
2	206	2	2595.867	2.595867	False	0.437
2	206	3	18143.147	18.143147	False	0.133
2	206	4	12575.406	12.575406	False	0.439
2	206	5	20313.138	20.313138	False	0.133
2	206	6	8923.858	8.923858	False	0.133
2	207	1	19145.870	19.145870	False	0.472
2	207	2	16053.277	16.053277	False	0.44
2	207	3	25321.049	25.321049	False	0.44
2	207	4	3026.394	3.026394	False	0.44
2	207	5	14722.840	14.722840	False	0.431
2	207	6	17260.873	17.260873	False	0.463
2	208	1	12671.949	12.671949	False	0.133
2	208	2	20623.197	20.623197	False	0.51
2	208	3	4910.035	4.910035	False	0.133
2	208	4	13658.125	13.658125	False	0.133
2	208	5	22370.945	22.370945	False	0.478
2	208	6	11652.667	11.652667	False	0.133
2	208	7	12664.570	12.664570	False	0.133
2	209	1	7310.212	7.310212	False	0.447
2	209	2	2624.486	2.624486	False	0.447
2	209	3	3343.470	3.343470	False	0.447
2	209	4	11431.963	11.431963	False	0.447
2	209	5	10463.839	10.463839	False	0.447
2	209	6	11839.050	11.839050	False	0.447
2	210	1	12218.313	12.218313	False	0.133
2	210	2	21918.701	21.918701	False	0.434
2	210	3	17152.411	17.152411	False	0.447
2	210	4	22957.619	22.957619	True	0.731
2	211	1	4251.426	4.251426	False	0.133
2	211	2	10257.687	10.257687	False	0.133
2	211	3	11656.273	11.656273	False	0.133
2	211	4	19420.612	19.420612	False	0.415
2	211	5	11669.797	11.669797	False	0.133
2	211	6	8390.551	8.390551	False	0.133
2	211	7	11991.798	11.991798	False	0.426
2	211	8	13835.193	13.835193	False	0.133
2	211	9	15590.259	15.590259	False	0.133
2	211	10	22113.041	22.113041	False	0.469
2	211	11	16065.872	16.065872	False	0.133
2	211	12	2468.571	2.468571	False	0.133
2	211	13	9407.196	9.407196	False	0.133
2	211	14	2070.672	2.070672	False	0.133
2	212	1	7699.150	7.699150	False	0.447
2	212	2	16294.865	16.294865	False	0.465
2	212	3	13909.327	13.909327	False	0.133
2	212	4	12873.889	12.873889	False	0.133
2	212	5	18718.758	18.718758	False	0.463
2	212	6	20857.661	20.857661	False	0.45
2	212	7	3000.057	3.000057	False	0.447
2	213	1	14110.624	14.110624	False	0.465
2	213	2	15611.897	15.611897	False	0.133
2	213	3	15803.553	15.803553	False	0.433
2	213	4	19623.786	19.623786	False	0.413
2	213	5	12552.335	12.552335	False	0.133
2	213	6	2753.838	2.753838	False	0.433
2	214	1	13763.850	13.763850	False	0.442
2	214	2	12820.077	12.820077	False	0.133
2	214	3	21896.161	21.896161	False	0.45
2	214	4	11908.685	11.908685	False	0.442
2	214	5	14794.525	14.794525	False	0.442
2	214	6	14845.330	14.845330	False	0.449
2	215	1	11909.163	11.909163	False	0.133
2	215	2	4365.457	4.365457	False	0.133
2	215	3	15882.773	15.882773	False	0.432
2	215	4	2783.714	2.783714	False	0.133
2	215	5	17934.647	17.934647	False	0.418
2	215	6	2462.932	2.462932	False	0.133
2	215	7	9858.944	9.858944	False	0.133
2	215	8	4311.370	4.311370	False	0.133
2	216	1	3139.443	3.139443	False	0.133
2	216	2	2389.183	2.389183	False	0.133
2	216	3	16495.491	16.495491	False	0.393
2	216	4	2198.437	2.198437	False	0.133
2	216	5	4039.020	4.039020	False	0.133
2	216	6	3038.199	3.038199	False	0.133
2	216	7	16742.032	16.742032	False	0.475
2	216	8	18349.323	18.349323	False	0.457
2	216	9	18740.136	18.740136	False	0.408
2	216	10	3183.468	3.183468	False	0.133
2	216	11	11116.889	11.116889	False	0.431
2	216	12	2304.410	2.304410	False	0.133
2	217	1	20286.378	20.286378	False	0.436
2	217	2	19402.639	19.402639	False	0.438
2	217	3	7731.062	7.731062	False	0.436
2	217	4	17622.556	17.622556	False	0.519
2	217	5	2315.411	2.315411	False	0.436
2	217	6	2460.966	2.460966	False	0.436
2	217	7	13113.337	13.113337	False	0.436
2	217	8	3261.530	3.261530	False	0.436
2	217	9	2860.690	2.860690	False	0.436
2	218	1	4310.250	4.310250	False	0.133
2	218	2	2061.102	2.061102	False	0.133
2	218	3	14778.790	14.778790	False	0.133
2	218	4	16282.735	16.282735	False	0.452
2	218	5	10219.728	10.219728	False	0.133
2	218	6	3897.463	3.897463	False	0.133
2	218	7	15411.075	15.411075	False	0.41
2	218	8	19754.483	19.754483	False	0.436
2	218	9	14016.392	14.016392	False	0.133
2	219	1	11776.578	11.776578	False	0.133
2	219	2	10782.944	10.782944	False	0.133
2	219	3	16976.341	16.976341	False	0.465
2	219	4	22643.869	22.643869	False	0.518
2	219	5	3189.214	3.189214	False	0.133
2	219	6	13375.848	13.375848	False	0.492
2	219	7	32417.696	32.417696	False	0.546
2	219	8	1749.805	1.749805	False	0.133
2	219	9	17281.875	17.281875	False	0.133
2	219	10	2779.831	2.779831	False	0.133
2	219	11	3017.819	3.017819	False	0.133
2	220	1	16052.812	16.052812	False	0.446
2	220	2	12431.203	12.431203	False	0.133
2	220	3	3341.164	3.341164	False	0.133
2	220	4	12770.172	12.770172	False	0.133
2	220	5	17634.498	17.634498	False	0.487
2	220	6	17328.848	17.328848	False	0.133
2	220	7	12307.702	12.307702	False	0.426
2	220	8	15744.941	15.744941	False	0.407
2	220	9	2434.222	2.434222	False	0.133
2	220	10	15110.626	15.110626	False	0.133
2	221	1	17933.464	17.933464	False	0.436
2	221	2	22529.977	22.529977	False	0.439
2	221	3	15665.038	15.665038	False	0.459
2	221	4	10739.955	10.739955	False	0.133
2	221	5	18542.632	18.542632	False	0.438
2	221	6	20380.698	20.380698	False	0.445
2	221	7	16612.662	16.612662	False	0.434
2	221	8	14866.307	14.866307	False	0.133
2	222	1	16106.285	16.106285	False	0.438
2	222	2	17289.719	17.289719	False	0.439
2	222	3	15078.130	15.078130	False	0.436
2	222	4	16759.642	16.759642	False	0.4
2	222	5	2121.177	2.121177	False	0.438
2	222	6	2360.064	2.360064	False	0.438
2	223	1	19889.381	19.889381	False	0.443
2	223	2	12637.387	12.637387	False	0.443
2	223	3	11838.611	11.838611	False	0.133
2	223	4	17504.804	17.504804	False	0.443
2	223	5	14162.023	14.162023	False	0.443
2	223	6	25722.092	25.722092	False	0.541
2	223	7	20505.265	20.505265	False	0.551
2	223	8	2601.171	2.601171	False	0.443
2	223	9	9721.506	9.721506	False	0.443
2	223	10	19565.211	19.565211	False	0.419
2	223	11	9637.408	9.637408	False	0.443
2	223	12	3316.458	3.316458	False	0.443
2	224	1	4852.938	4.852938	False	0.133
2	224	2	13751.583	13.751583	False	0.133
2	224	3	13992.583	13.992583	False	0.133
2	224	4	17238.293	17.238293	False	0.369
2	224	5	13123.761	13.123761	False	0.133
2	224	6	2317.967	2.317967	False	0.133
2	224	7	12327.806	12.327806	False	0.133
2	224	8	13146.179	13.146179	False	0.133
2	225	1	18268.488	18.268488	False	0.451
2	225	2	7627.339	7.627339	False	0.431
2	225	3	12679.324	12.679324	False	0.133
2	225	4	3237.882	3.237882	False	0.431
2	225	5	2840.804	2.840804	False	0.431
2	225	6	12275.672	12.275672	False	0.133
2	226	1	8805.036	8.805036	False	0.426
2	226	2	4036.306	4.036306	False	0.133
2	226	3	2552.891	2.552891	False	0.133
2	226	4	9761.341	9.761341	False	0.133
2	226	5	3028.061	3.028061	False	0.133
2	227	1	4720.367	4.720367	False	0.435
2	227	2	14551.439	14.551439	False	0.438
2	227	3	2675.976	2.675976	False	0.435
2	227	4	23958.025	23.958025	False	0.445
2	227	5	15627.544	15.627544	False	0.133
2	227	6	30036.370	30.036370	False	0.435
2	228	1	3799.960	3.799960	False	0.133
2	228	2	2709.072	2.709072	False	0.133
2	228	3	11117.430	11.117430	False	0.133
2	228	4	2624.867	2.624867	False	0.133
2	229	1	3829.273	3.829273	False	0.133
2	229	2	2953.228	2.953228	False	0.133
2	229	3	2162.246	2.162246	False	0.133
2	229	4	12314.633	12.314633	False	0.133
2	230	1	9935.853	9.935853	False	0.133
2	230	2	16202.071	16.202071	False	0.434
2	230	3	11920.721	11.920721	False	0.133
2	230	4	8997.797	8.997797	False	0.434
2	230	5	5241.506	5.241506	False	0.133
2	230	6	23726.684	23.726684	False	0.428
2	230	7	11166.986	11.166986	False	0.133
2	231	1	4990.416	4.990416	False	0.133
2	231	2	20816.139	20.816139	False	0.413
2	231	3	18467.256	18.467256	False	0.465
2	231	4	14442.091	14.442091	False	0.348
2	231	5	10841.751	10.841751	False	0.133
2	231	6	11970.748	11.970748	False	0.133
2	231	7	3795.374	3.795374	False	0.133
2	231	8	1736.153	1.736153	False	0.133
2	232	1	4207.476	4.207476	False	0.133
2	232	2	4915.811	4.915811	False	0.133
2	232	3	13421.897	13.421897	False	0.47
2	232	4	3074.976	3.074976	False	0.133
2	232	5	15400.233	15.400233	False	0.505
2	232	6	8150.762	8.150762	False	0.133
2	232	7	13602.855	13.602855	False	0.133
2	232	8	4152.558	4.152558	False	0.133
2	232	9	2080.130	2.080130	False	0.133
2	233	1	15691.792	15.691792	False	0.437
2	233	2	2282.271	2.282271	False	0.437
2	233	3	10054.675	10.054675	False	0.133
2	233	4	15845.251	15.845251	False	0.437
2	233	5	19915.300	19.915300	False	0.547
2	233	6	26887.106	26.887106	False	0.507
2	233	7	2436.527	2.436527	False	0.437
2	233	8	3827.089	3.827089	False	0.437
2	233	9	3189.222	3.189222	False	0.437
2	233	10	16477.418	16.477418	False	0.133
2	234	1	13735.785	13.735785	False	0.133
2	234	2	11185.448	11.185448	False	0.133
2	234	3	10838.654	10.838654	False	0.133
2	234	4	3312.920	3.312920	False	0.133
2	235	1	15866.938	15.866938	False	0.45
2	235	2	20507.281	20.507281	False	0.392
2	235	3	12757.035	12.757035	False	0.446
2	235	4	3887.644	3.887644	False	0.133
2	235	5	10709.253	10.709253	False	0.133
2	235	6	13042.840	13.042840	False	0.45
2	236	1	7495.715	7.495715	False	0.434
2	236	2	17732.743	17.732743	False	0.415
2	236	3	2548.526	2.548526	False	0.434
2	236	4	15552.128	15.552128	False	0.133
2	236	5	24442.291	24.442291	False	0.49
2	236	6	3276.490	3.276490	False	0.434
2	236	7	2600.524	2.600524	False	0.434
2	236	8	18389.434	18.389434	True	0.843
2	237	1	14481.942	14.481942	False	0.447
2	237	2	3274.477	3.274477	False	0.447
2	237	3	2708.587	2.708587	False	0.447
2	237	4	16517.958	16.517958	False	0.484
2	237	5	19476.157	19.476157	False	0.415
2	237	6	19153.477	19.153477	False	0.383
2	237	7	11909.576	11.909576	False	0.133
2	237	8	11661.954	11.661954	False	0.133
2	237	9	15623.511	15.623511	False	0.508
2	237	10	2990.971	2.990971	False	0.447
2	237	11	14088.729	14.088729	False	0.133
2	237	12	12307.987	12.307987	False	0.447
2	237	13	20028.766	20.028766	False	0.431
2	237	14	14358.242	14.358242	False	0.44
2	238	1	20645.707	20.645707	False	0.523
2	238	2	12918.744	12.918744	False	0.133
2	238	3	2385.302	2.385302	False	0.133
2	238	4	20265.184	20.265184	True	0.72
2	239	1	10689.561	10.689561	False	0.442
2	239	2	18955.983	18.955983	False	0.447
2	239	3	29299.944	29.299944	False	0.442
2	239	4	14749.499	14.749499	False	0.133
2	239	5	2457.279	2.457279	False	0.442
2	239	6	9249.483	9.249483	False	0.442
2	240	1	7813.061	7.813061	False	0.432
2	240	2	3899.025	3.899025	False	0.432
2	240	3	3657.149	3.657149	False	0.432
2	240	4	2936.073	2.936073	False	0.432
2	240	5	14598.309	14.598309	False	0.133
2	240	6	16692.869	16.692869	False	0.487
2	240	7	14438.410	14.438410	False	0.133
2	240	8	19452.203	19.452203	False	0.466
2	240	9	3335.071	3.335071	False	0.432
2	240	10	2777.142	2.777142	False	0.432
2	240	11	19471.219	19.471219	False	0.443
2	241	1	3956.057	3.956057	False	0.133
2	241	2	2533.273	2.533273	False	0.133
2	241	3	19634.151	19.634151	False	0.441
2	241	4	2427.176	2.427176	False	0.133
2	241	5	3548.519	3.548519	False	0.133
2	241	6	17823.361	17.823361	False	0.437
2	241	7	12443.243	12.443243	False	0.133
2	241	8	21025.398	21.025398	False	0.437
2	242	1	8605.643	8.605643	False	0.499
2	242	2	3826.836	3.826836	False	0.133
2	242	3	2529.602	2.529602	False	0.133
2	242	4	3023.574	3.023574	False	0.133
2	242	5	16644.667	16.644667	False	0.365
2	242	6	18252.223	18.252223	False	0.401
2	243	1	22588.730	22.588730	False	0.401
2	243	2	10903.296	10.903296	False	0.133
2	243	3	20136.530	20.136530	False	0.422
2	243	4	12187.189	12.187189	False	0.133
2	243	5	18431.423	18.431423	False	0.133
2	243	6	5233.425	5.233425	False	0.133
2	243	7	3172.767	3.172767	False	0.133
2	244	1	14905.465	14.905465	False	0.133
2	244	2	31722.992	31.722992	False	0.393
2	244	3	3755.255	3.755255	False	0.133
2	244	4	18107.301	18.107301	False	0.402
2	244	5	19361.615	19.361615	False	0.51
2	244	6	2375.992	2.375992	False	0.133
2	244	7	16593.985	16.593985	True	0.814
2	245	1	13100.055	13.100055	False	0.133
2	245	2	16850.860	16.850860	False	0.465
2	245	3	20822.353	20.822353	False	0.39
2	245	4	15713.258	15.713258	False	0.395
2	245	5	19480.600	19.480600	False	0.451
2	245	6	19125.492	19.125492	False	0.401
2	245	7	23155.821	23.155821	False	0.133
2	246	1	17988.420	17.988420	False	0.395
2	246	2	13101.482	13.101482	False	0.133
2	246	3	14439.918	14.439918	False	0.133
2	246	4	13320.075	13.320075	False	0.133
2	246	5	9600.271	9.600271	False	0.436
2	246	6	20224.510	20.224510	False	0.133
2	246	7	13458.089	13.458089	False	0.133
2	246	8	2616.420	2.616420	False	0.436
2	246	9	16523.906	16.523906	False	0.133
2	246	10	2849.204	2.849204	False	0.436
2	247	1	18064.684	18.064684	False	0.453
2	247	2	15173.183	15.173183	False	0.133
2	247	3	15481.264	15.481264	False	0.376
2	247	4	13546.502	13.546502	False	0.439
2	247	5	19490.138	19.490138	False	0.369
2	247	6	3861.571	3.861571	False	0.133
2	248	1	12995.862	12.995862	False	0.447
2	248	2	20966.308	20.966308	False	0.39
2	248	3	4699.806	4.699806	False	0.133
2	248	4	1981.474	1.981474	False	0.133
2	248	5	18006.686	18.006686	False	0.37
2	248	6	4132.791	4.132791	False	0.133
2	249	1	17359.020	17.359020	False	0.538
2	249	2	15565.703	15.565703	False	0.133
2	249	3	19833.732	19.833732	False	0.435
2	249	4	3388.953	3.388953	False	0.133
2	249	5	15181.017	15.181017	False	0.133
2	249	6	12902.573	12.902573	False	0.133
2	250	1	7412.209	7.412209	False	0.424
2	250	2	13850.794	13.850794	False	0.133
2	250	3	21495.911	21.495911	False	0.492
2	250	4	3069.749	3.069749	False	0.424
2	250	5	14833.536	14.833536	False	0.133
2	250	6	11782.081	11.782081	False	0.424
2	250	7	24877.113	24.877113	False	0.413
2	250	8	19932.400	19.932400	False	0.429
2	251	1	8029.724	8.029724	False	0.422
2	251	2	17925.133	17.925133	False	0.419
2	251	3	22102.675	22.102675	False	0.42
2	251	4	24152.503	24.152503	False	0.436
2	251	5	18827.228	18.827228	False	0.411
2	251	6	2350.233	2.350233	False	0.422
2	251	7	3794.351	3.794351	False	0.422
2	251	8	18778.195	18.778195	False	0.433
2	251	9	17260.868	17.260868	False	0.422
2	252	1	7195.636	7.195636	False	0.427
2	252	2	2581.220	2.581220	False	0.427
2	252	3	19061.945	19.061945	False	0.43
2	252	4	19030.684	19.030684	False	0.463
2	252	5	17770.493	17.770493	False	0.398
2	252	6	19225.025	19.225025	False	0.433
2	252	7	3019.121	3.019121	False	0.427
2	252	8	2696.737	2.696737	False	0.427
2	252	9	17993.423	17.993423	False	0.419
2	253	1	7332.223	7.332223	False	0.416
2	253	2	22269.768	22.269768	False	0.474
2	253	3	21805.898	21.805898	False	0.406
2	253	4	13580.623	13.580623	False	0.133
2	253	5	19646.499	19.646499	False	0.417
2	253	6	19026.383	19.026383	False	0.425
2	253	7	2858.269	2.858269	False	0.416
2	254	1	18368.010	18.368010	False	0.393
2	254	2	19621.891	19.621891	False	0.443
2	254	3	24273.403	24.273403	False	0.44
2	254	4	19010.234	19.010234	False	0.459
2	254	5	17532.042	17.532042	False	0.415
2	254	6	8862.934	8.862934	False	0.415
2	254	7	12699.981	12.699981	False	0.415
2	254	8	11046.710	11.046710	False	0.133
2	254	9	18655.008	18.655008	False	0.358
2	255	1	9019.001	9.019001	False	0.133
2	255	2	4657.742	4.657742	False	0.133
2	255	3	3009.463	3.009463	False	0.133
2	255	4	3657.060	3.657060	False	0.133
2	256	1	18739.680	18.739680	False	0.361
2	256	2	7690.931	7.690931	False	0.431
2	256	3	5564.635	5.564635	False	0.431
2	256	4	3264.993	3.264993	False	0.431
2	256	5	16333.872	16.333872	False	0.394
2	256	6	15684.715	15.684715	False	0.439
2	256	7	15350.965	15.350965	False	0.415
2	257	1	6834.585	6.834585	False	0.43
2	257	2	17634.281	17.634281	False	0.363
2	257	3	3252.793	3.252793	False	0.43
2	257	4	16386.915	16.386915	False	0.432
2	257	5	16529.503	16.529503	False	0.45
2	257	6	3891.871	3.891871	False	0.43
2	257	7	69472.182	69.472182	False	0.43
2	257	8	9963.842	9.963842	False	0.133
2	257	9	2612.337	2.612337	False	0.43
2	257	10	18764.036	18.764036	False	0.375
2	258	1	9626.080	9.626080	False	0.433
2	258	2	3406.268	3.406268	False	0.433
2	258	3	3417.274	3.417274	False	0.433
2	258	4	3571.983	3.571983	False	0.433
2	258	5	13878.376	13.878376	False	0.433
2	258	6	9562.590	9.562590	False	0.499
2	258	7	16596.115	16.596115	False	0.443
2	258	8	4921.819	4.921819	False	0.433
2	258	9	3247.499	3.247499	False	0.433
2	258	10	20377.466	20.377466	False	0.424
2	258	11	3088.617	3.088617	False	0.433
2	259	1	13150.800	13.150800	False	0.473
2	259	2	17397.747	17.397747	False	0.401
2	259	3	18232.344	18.232344	False	0.45
2	259	4	16464.371	16.464371	False	0.133
2	259	5	14167.555	14.167555	False	0.491
2	259	6	18605.633	18.605633	False	0.441
2	259	7	7361.809	7.361809	False	0.433
2	259	8	13937.616	13.937616	False	0.441
2	259	9	3546.932	3.546932	False	0.433
2	259	10	7775.208	7.775208	False	0.433
2	260	1	16230.066	16.230066	False	0.369
2	260	2	21972.195	21.972195	False	0.429
2	260	3	7678.134	7.678134	False	0.424
2	260	4	17780.924	17.780924	False	0.439
2	260	5	17773.627	17.773627	False	0.441
2	260	6	20828.377	20.828377	False	0.389
2	260	7	4128.431	4.128431	False	0.424
2	260	8	18455.478	18.455478	False	0.423
2	260	9	12182.780	12.182780	False	0.133
2	260	10	22783.871	22.783871	False	0.428
2	261	1	20162.160	20.162160	False	0.396
2	261	2	15285.145	15.285145	False	0.375
2	261	3	8052.240	8.052240	False	0.422
2	261	4	18253.423	18.253423	False	0.49
2	261	5	14280.452	14.280452	False	0.133
2	261	6	19540.457	19.540457	False	0.499
2	261	7	16315.111	16.315111	False	0.346
2	261	8	11176.738	11.176738	False	0.422
2	261	9	18094.734	18.094734	False	0.401
2	262	1	17914.512	17.914512	False	0.377
2	262	2	19900.576	19.900576	False	0.461
2	262	3	8142.874	8.142874	False	0.435
2	262	4	14846.749	14.846749	False	0.133
2	262	5	21069.480	21.069480	False	0.435
2	262	6	20259.269	20.259269	False	0.481
2	262	7	22413.833	22.413833	False	0.434
2	262	8	18707.201	18.707201	False	0.463
2	262	9	18446.874	18.446874	False	0.455
2	262	10	21764.235	21.764235	False	0.424
2	262	11	2048.814	2.048814	False	0.435
2	263	1	21297.411	21.297411	False	0.345
2	263	2	20986.218	20.986218	False	0.413
2	263	3	19064.872	19.064872	False	0.452
2	263	4	18026.948	18.026948	False	0.43
2	263	5	12180.572	12.180572	False	0.43
2	263	6	15955.954	15.955954	False	0.441
2	263	7	18169.160	18.169160	False	0.505
2	263	8	11801.767	11.801767	False	0.133
2	263	9	14187.547	14.187547	False	0.133
2	263	10	15055.551	15.055551	False	0.375
2	263	11	13380.049	13.380049	False	0.448
2	263	12	19048.749	19.048749	False	0.454
2	264	1	21173.499	21.173499	False	0.455
2	264	2	20337.249	20.337249	False	0.437
2	264	3	8806.806	8.806806	False	0.423
2	264	4	14571.306	14.571306	False	0.412
2	264	5	10897.191	10.897191	False	0.133
2	264	6	19448.381	19.448381	False	0.449
2	265	1	18236.863	18.236863	False	0.431
2	265	2	9421.721	9.421721	False	0.431
2	265	3	3807.191	3.807191	False	0.431
2	265	4	18632.936	18.632936	False	0.42
2	265	5	2525.379	2.525379	False	0.431
2	265	6	4473.797	4.473797	False	0.431
2	266	1	12024.961	12.024961	False	0.133
2	266	2	18477.349	18.477349	False	0.473
2	266	3	24765.213	24.765213	False	0.404
2	266	4	18014.206	18.014206	False	0.417
2	266	5	6931.705	6.931705	False	0.429
2	266	6	21649.580	21.649580	False	0.413
2	266	7	16516.500	16.516500	False	0.418
2	267	1	16760.102	16.760102	False	0.446
2	267	2	20507.165	20.507165	False	0.429
2	267	3	18225.019	18.225019	False	0.405
2	267	4	9876.492	9.876492	False	0.427
2	267	5	1945.979	1.945979	False	0.427
2	267	6	21580.141	21.580141	False	0.403
2	268	1	15194.897	15.194897	False	0.501
2	268	2	12551.340	12.551340	False	0.509
2	268	3	9414.737	9.414737	False	0.422
2	268	4	20296.204	20.296204	False	0.458
2	268	5	10661.890	10.661890	False	0.133
2	268	6	18426.839	18.426839	False	0.404
2	269	1	16099.979	16.099979	False	0.432
2	269	2	10126.660	10.126660	False	0.499
2	269	3	8126.983	8.126983	False	0.416
2	269	4	18624.399	18.624399	False	0.435
2	269	5	18671.974	18.671974	False	0.46
2	269	6	5374.458	5.374458	False	0.416
2	269	7	21646.640	21.646640	False	0.421
2	270	1	15713.426	15.713426	False	0.133
2	270	2	18239.759	18.239759	False	0.443
2	270	3	7291.117	7.291117	False	0.416
2	270	4	26719.787	26.719787	False	0.443
2	270	5	19853.402	19.853402	False	0.443
2	270	6	19969.696	19.969696	False	0.487
2	270	7	13536.096	13.536096	False	0.133
2	270	8	2935.599	2.935599	False	0.416
2	270	9	2696.478	2.696478	False	0.416
2	270	10	19574.915	19.574915	False	0.377
2	270	11	16470.512	16.470512	False	0.425
2	271	1	19087.881	19.087881	False	0.459
2	271	2	20472.535	20.472535	False	0.428
2	271	3	18299.360	18.299360	False	0.431
2	271	4	22205.188	22.205188	False	0.462
2	271	5	18914.890	18.914890	False	0.468
2	271	6	9703.267	9.703267	False	0.418
2	272	1	17223.964	17.223964	False	0.133
2	272	2	19104.064	19.104064	False	0.41
2	272	3	18151.286	18.151286	False	0.427
2	272	4	16438.005	16.438005	False	0.452
2	272	5	18985.387	18.985387	False	0.366
2	272	6	17602.605	17.602605	False	0.419
2	272	7	2206.945	2.206945	False	0.419
2	272	8	2443.086	2.443086	False	0.419
2	272	9	9651.332	9.651332	False	0.133
2	273	1	16935.292	16.935292	False	0.408
2	273	2	13139.639	13.139639	False	0.133
2	273	3	24093.350	24.093350	False	0.428
2	273	4	18753.203	18.753203	False	0.404
2	273	5	7186.277	7.186277	False	0.422
2	273	6	11622.087	11.622087	False	0.432
2	273	7	17489.193	17.489193	False	0.454
2	273	8	17973.277	17.973277	False	0.454
2	273	9	3069.440	3.069440	False	0.422
2	273	10	20287.406	20.287406	False	0.431
2	273	11	15948.357	15.948357	False	0.133
2	273	12	16100.454	16.100454	False	0.431
2	274	1	15046.814	15.046814	False	0.404
2	274	2	14708.034	14.708034	False	0.457
2	274	3	17146.369	17.146369	False	0.431
2	274	4	18206.158	18.206158	False	0.468
2	274	5	6517.996	6.517996	False	0.426
2	274	6	18514.405	18.514405	False	0.471
2	274	7	30641.147	30.641147	False	0.436
2	274	8	3659.702	3.659702	False	0.426
2	274	9	18194.000	18.194000	False	0.436
2	275	1	16647.404	16.647404	False	0.312
2	275	2	16598.640	16.598640	False	0.465
2	275	3	22435.700	22.435700	False	0.407
2	275	4	19367.695	19.367695	False	0.416
2	275	5	13795.231	13.795231	False	0.45
2	275	6	20148.751	20.148751	False	0.456
2	275	7	17718.496	17.718496	False	0.451
2	276	1	6974.021	6.974021	False	0.441
2	276	2	19684.433	19.684433	False	0.438
2	276	3	20858.978	20.858978	False	0.374
2	276	4	14955.050	14.955050	False	0.133
2	276	5	22556.034	22.556034	False	0.438
2	276	6	2450.792	2.450792	False	0.441
2	277	1	15957.877	15.957877	False	0.433
2	277	2	2764.599	2.764599	False	0.433
2	277	3	17747.085	17.747085	False	0.463
2	277	4	3570.846	3.570846	False	0.433
2	277	5	8916.701	8.916701	False	0.499
2	277	6	17111.913	17.111913	False	0.435
2	277	7	3489.898	3.489898	False	0.433
2	277	8	20885.907	20.885907	False	0.445
2	277	9	2524.293	2.524293	False	0.433
2	277	10	2131.179	2.131179	False	0.433
2	278	1	8137.433	8.137433	False	0.429
2	278	2	13430.434	13.430434	False	0.428
2	278	3	18530.233	18.530233	False	0.45
2	278	4	17254.663	17.254663	False	0.437
2	278	5	14296.395	14.296395	False	0.133
2	278	6	16969.477	16.969477	False	0.425
2	278	7	2531.561	2.531561	False	0.429
2	278	8	17763.624	17.763624	False	0.472
2	278	9	17359.815	17.359815	False	0.133
2	278	10	20257.117	20.257117	False	0.449
2	278	11	3325.570	3.325570	False	0.429
2	278	12	11944.451	11.944451	False	0.133
2	278	13	3806.787	3.806787	False	0.429
2	279	1	18910.906	18.910906	False	0.428
2	279	2	2525.085	2.525085	False	0.428
2	279	3	17690.159	17.690159	False	0.481
2	279	4	12908.953	12.908953	False	0.396
2	279	5	18306.839	18.306839	False	0.4
2	279	6	15542.791	15.542791	False	0.133
2	279	7	14167.297	14.167297	False	0.133
2	279	8	10782.809	10.782809	False	0.49
2	280	1	11876.488	11.876488	False	0.499
2	280	2	20828.491	20.828491	False	0.471
2	280	3	8109.723	8.109723	False	0.42
2	280	4	2130.521	2.130521	False	0.42
2	280	5	20056.157	20.056157	False	0.355
2	280	6	2202.468	2.202468	False	0.42
2	281	1	6932.507	6.932507	False	0.434
2	281	2	16097.916	16.097916	False	0.376
2	281	3	18954.525	18.954525	False	0.436
2	281	4	14308.380	14.308380	False	0.474
2	281	5	11622.109	11.622109	False	0.133
2	281	6	16222.776	16.222776	False	0.133
2	281	7	17761.646	17.761646	False	0.43
2	281	8	2437.874	2.437874	False	0.434
2	281	9	19882.308	19.882308	False	0.434
2	282	1	8765.204	8.765204	False	0.413
2	282	2	17331.477	17.331477	False	0.405
2	282	3	20958.713	20.958713	False	0.459
2	282	4	22059.713	22.059713	False	0.406
2	282	5	17271.880	17.271880	False	0.442
2	282	6	20410.550	20.410550	False	0.433
2	282	7	22725.937	22.725937	False	0.428
2	282	8	13785.534	13.785534	False	0.133
2	283	1	14230.763	14.230763	False	0.133
2	283	2	4455.585	4.455585	False	0.133
2	283	3	31574.042	31.574042	False	0.449
2	283	4	17510.869	17.510869	False	0.39
2	283	5	17969.580	17.969580	False	0.349
2	283	6	18048.113	18.048113	False	0.432
2	283	7	16458.221	16.458221	False	0.44
2	283	8	17361.996	17.361996	False	0.39
2	284	1	17733.496	17.733496	False	0.495
2	284	2	14429.030	14.429030	False	0.133
2	284	3	19342.066	19.342066	False	0.452
2	284	4	8537.398	8.537398	False	0.439
2	284	5	19993.821	19.993821	False	0.46
2	284	6	18340.439	18.340439	False	0.398
2	285	1	11765.559	11.765559	False	0.482
2	285	2	6333.122	6.333122	False	0.441
2	285	3	12117.881	12.117881	False	0.133
2	285	4	3262.340	3.262340	False	0.441
2	285	5	19224.520	19.224520	False	0.448
2	285	6	8138.984	8.138984	False	0.441
2	286	1	8049.765	8.049765	False	0.43
2	286	2	18514.894	18.514894	False	0.439
2	286	3	15969.996	15.969996	False	0.442
2	286	4	18884.864	18.884864	False	0.444
2	286	5	22780.078	22.780078	False	0.429
2	286	6	10258.916	10.258916	False	0.426
2	286	7	16348.966	16.348966	False	0.378
2	286	8	2271.628	2.271628	False	0.43
2	287	1	26422.767	26.422767	False	0.486
2	287	2	19147.543	19.147543	False	0.45
2	287	3	7457.929	7.457929	False	0.446
2	287	4	20175.148	20.175148	False	0.466
2	287	5	18147.687	18.147687	False	0.386
2	287	6	11294.229	11.294229	False	0.133
2	288	1	8386.052	8.386052	False	0.441
2	288	2	21106.485	21.106485	False	0.471
2	288	3	2448.809	2.448809	False	0.441
2	288	4	17881.473	17.881473	False	0.462
2	288	5	2133.254	2.133254	False	0.441
2	288	6	13783.799	13.783799	False	0.133
2	288	7	23135.559	23.135559	False	0.383
2	289	1	14777.033	14.777033	False	0.133
2	289	2	13955.806	13.955806	False	0.4
2	289	3	11795.611	11.795611	False	0.409
2	289	4	17466.066	17.466066	False	0.41
2	289	5	14834.835	14.834835	False	0.133
2	289	6	22033.208	22.033208	False	0.496
2	289	7	3962.128	3.962128	False	0.133
2	289	8	2034.717	2.034717	False	0.133
2	289	9	2856.671	2.856671	False	0.133
2	289	10	18739.127	18.739127	False	0.495
2	289	11	2430.418	2.430418	False	0.133
2	290	1	9701.299	9.701299	False	0.436
2	290	2	21207.869	21.207869	False	0.407
2	290	3	11449.998	11.449998	False	0.436
2	290	4	13735.687	13.735687	False	0.432
2	290	5	20688.396	20.688396	False	0.407
2	290	6	16943.351	16.943351	False	0.449
2	290	7	7374.917	7.374917	False	0.436
2	290	8	2050.857	2.050857	False	0.436
2	290	9	17187.341	17.187341	False	0.494
2	290	10	19396.949	19.396949	False	0.445
2	290	11	17824.977	17.824977	False	0.407
2	290	12	2902.466	2.902466	False	0.436
2	290	13	16864.580	16.864580	False	0.454
2	290	14	1705.663	1.705663	False	0.436
2	291	1	20866.218	20.866218	False	0.379
2	291	2	7672.499	7.672499	False	0.436
2	291	3	2104.349	2.104349	False	0.436
2	291	4	20606.426	20.606426	False	0.428
2	291	5	17506.607	17.506607	False	0.42
2	291	6	4415.278	4.415278	False	0.436
2	291	7	16682.692	16.682692	False	0.419
2	292	1	11872.854	11.872854	False	0.438
2	292	2	20670.316	20.670316	False	0.412
2	292	3	15026.427	15.026427	False	0.469
2	292	4	2421.902	2.421902	False	0.438
2	292	5	28695.790	28.695790	False	0.446
2	292	6	20412.765	20.412765	False	0.443
2	292	7	18580.519	18.580519	False	0.422
2	292	8	2602.787	2.602787	False	0.438
2	293	1	18750.656	18.750656	False	0.45
2	293	2	19105.262	19.105262	False	0.391
2	293	3	11205.868	11.205868	False	0.435
2	293	4	15009.597	15.009597	False	0.442
2	293	5	13401.601	13.401601	False	0.133
2	293	6	5398.884	5.398884	False	0.435
2	294	1	13965.437	13.965437	False	0.408
2	294	2	7634.280	7.634280	False	0.429
2	294	3	18394.366	18.394366	False	0.434
2	294	4	15032.553	15.032553	False	0.404
2	294	5	15182.589	15.182589	False	0.133
2	294	6	18684.746	18.684746	False	0.478
2	294	7	16803.758	16.803758	False	0.468
2	294	8	16031.306	16.031306	False	0.464
2	294	9	3238.536	3.238536	False	0.429
2	294	10	17076.825	17.076825	False	0.426
2	294	11	3883.056	3.883056	False	0.429
2	295	1	8981.472	8.981472	False	0.416
2	295	2	15684.961	15.684961	False	0.37
2	295	3	19255.846	19.255846	False	0.416
2	295	4	20657.447	20.657447	False	0.453
2	295	5	16941.406	16.941406	False	0.448
2	295	6	2051.196	2.051196	False	0.416
2	295	7	2769.759	2.769759	False	0.416
2	295	8	1971.765	1.971765	False	0.416
2	295	9	22494.595	22.494595	False	0.333
2	296	1	7465.131	7.465131	False	0.426
2	296	2	3885.829	3.885829	False	0.426
2	296	3	19470.913	19.470913	False	0.433
2	296	4	13671.981	13.671981	False	0.133
2	296	5	2050.872	2.050872	False	0.426
2	296	6	19935.359	19.935359	False	0.42
2	297	1	20441.450	20.441450	False	0.416
2	297	2	7552.287	7.552287	False	0.421
2	297	3	17337.900	17.337900	False	0.133
2	297	4	13569.566	13.569566	False	0.133
2	297	5	1721.080	1.721080	False	0.421
2	297	6	20003.048	20.003048	False	0.448
2	297	7	18968.379	18.968379	False	0.466
2	297	8	3072.594	3.072594	False	0.421
2	297	9	16950.967	16.950967	False	0.133
2	297	10	19791.521	19.791521	False	0.418
2	297	11	17309.610	17.309610	False	0.428
2	297	12	17131.219	17.131219	False	0.355
2	298	1	13995.922	13.995922	False	0.133
2	298	2	16380.606	16.380606	False	0.133
2	298	3	18998.663	18.998663	False	0.437
2	298	4	17786.653	17.786653	False	0.436
2	298	5	19363.015	19.363015	False	0.407
2	298	6	15550.593	15.550593	False	0.397
2	298	7	8895.586	8.895586	False	0.133
2	298	8	10852.548	10.852548	False	0.133
2	299	1	12781.335	12.781335	False	0.133
2	299	2	18472.511	18.472511	False	0.438
2	299	3	14332.031	14.332031	False	0.443
2	299	4	12531.528	12.531528	False	0.133
2	299	5	19656.958	19.656958	False	0.388
2	299	6	16565.959	16.565959	False	0.389
2	299	7	18423.110	18.423110	False	0.43
2	300	1	16035.478	16.035478	True	0.808
2	301	1	32605.005	32.605005	False	0.546
2	301	2	21707.812	21.707812	False	0.546
2	301	3	17992.401	17.992401	False	0.506
2	301	4	16312.948	16.312948	False	0.133
2	301	5	19735.035	19.735035	True	0.853
2	302	1	4716.207	4.716207	False	0.133
2	302	2	13644.174	13.644174	False	0.133
2	302	3	13234.589	13.234589	False	0.133
2	302	4	17162.779	17.162779	False	0.48
2	302	5	12250.987	12.250987	False	0.133
2	302	6	15978.764	15.978764	False	0.133
2	302	7	22653.725	22.653725	False	0.498
2	302	8	20228.663	20.228663	False	0.492
2	302	9	21070.374	21.070374	True	0.866
2	303	1	14340.157	14.340157	False	0.133
2	303	2	13557.378	13.557378	False	0.133
2	303	3	3228.290	3.228290	False	0.133
2	303	4	17798.941	17.798941	False	0.133
2	304	1	21010.949	21.010949	False	0.422
2	304	2	26764.473	26.764473	False	0.398
2	304	3	8753.496	8.753496	False	0.42
2	304	4	16926.967	16.926967	False	0.475
2	304	5	17149.818	17.149818	False	0.426
2	304	6	23186.907	23.186907	False	0.429
2	304	7	16247.474	16.247474	False	0.411
2	304	8	31579.533	31.579533	False	0.442
2	304	9	14780.668	14.780668	False	0.41
2	305	1	6858.868	6.858868	False	0.452
2	305	2	14910.456	14.910456	False	0.44
2	305	3	25223.763	25.223763	False	0.452
2	305	4	2547.244	2.547244	False	0.452
2	305	5	4534.275	4.534275	False	0.452
2	305	6	21019.341	21.019341	False	0.41
2	306	1	3233.296	3.233296	False	0.133
2	306	2	2978.815	2.978815	False	0.133
2	306	3	10653.786	10.653786	False	0.133
2	306	4	2961.389	2.961389	False	0.133
2	307	1	12575.038	12.575038	False	0.133
2	307	2	2950.592	2.950592	False	0.133
2	307	3	10512.420	10.512420	False	0.133
2	307	4	11558.378	11.558378	False	0.133
2	308	1	2486.190	2.486190	False	0.133
2	308	2	10112.293	10.112293	False	0.432
2	308	3	3703.843	3.703843	False	0.133
2	308	4	2341.635	2.341635	False	0.133
2	308	5	3037.045	3.037045	False	0.133
2	308	6	13811.395	13.811395	False	0.133
2	309	1	11826.188	11.826188	False	0.133
2	309	2	12760.200	12.760200	False	0.133
2	309	3	12525.952	12.525952	False	0.133
2	309	4	17539.247	17.539247	False	0.479
2	309	5	16351.465	16.351465	False	0.133
2	309	6	14269.095	14.269095	False	0.133
2	309	7	14886.667	14.886667	False	0.133
2	309	8	3650.123	3.650123	False	0.133
2	310	1	11069.901	11.069901	False	0.133
2	310	2	2721.428	2.721428	False	0.133
2	310	3	1718.376	1.718376	False	0.133
2	310	4	18611.455	18.611455	False	0.133
2	311	1	10367.520	10.367520	False	0.133
2	311	2	13720.524	13.720524	False	0.133
2	311	3	13007.392	13.007392	False	0.133
2	311	4	2008.709	2.008709	False	0.133
2	312	1	6103.412	6.103412	False	0.133
2	312	2	15285.926	15.285926	False	0.133
2	312	3	19269.575	19.269575	False	0.4
2	312	4	5145.470	5.145470	False	0.133
2	312	5	13753.981	13.753981	False	0.133
2	312	6	20265.123	20.265123	False	0.4
2	312	7	21512.989	21.512989	False	0.459
2	312	8	3369.863	3.369863	False	0.133
2	312	9	3052.862	3.052862	False	0.133
2	312	10	13451.834	13.451834	False	0.133
2	312	11	14218.108	14.218108	False	0.398
2	312	12	14771.098	14.771098	False	0.458
2	313	1	12748.414	12.748414	False	0.429
2	313	2	12690.630	12.690630	False	0.133
2	313	3	14277.267	14.277267	False	0.429
2	313	4	22338.973	22.338973	False	0.476
2	313	5	2295.599	2.295599	False	0.133
2	313	6	16793.233	16.793233	False	0.394
2	313	7	15388.210	15.388210	False	0.133
2	313	8	16712.499	16.712499	False	0.365
2	313	9	18487.921	18.487921	False	0.429
2	314	1	9656.386	9.656386	False	0.133
2	314	2	2849.889	2.849889	False	0.133
2	314	3	3294.731	3.294731	False	0.133
2	314	4	14320.786	14.320786	False	0.133
2	315	1	13600.854	13.600854	False	0.381
2	315	2	17772.031	17.772031	False	0.415
2	315	3	8468.979	8.468979	False	0.382
2	315	4	20538.025	20.538025	False	0.39
2	315	5	16255.285	16.255285	True	0.667
2	316	1	14184.980	14.184980	False	0.404
2	316	2	17285.306	17.285306	False	0.442
2	316	3	16747.709	16.747709	False	0.414
2	316	4	12380.961	12.380961	False	0.133
2	316	5	2166.458	2.166458	False	0.414
2	316	6	10821.209	10.821209	False	0.414
2	316	7	2899.021	2.899021	False	0.414
2	317	1	18412.100	18.412100	False	0.371
2	317	2	16394.247	16.394247	False	0.377
2	317	3	8437.252	8.437252	False	0.386
2	317	4	11220.062	11.220062	False	0.133
2	317	5	10982.589	10.982589	False	0.386
2	317	6	18241.236	18.241236	False	0.367
2	317	7	13544.059	13.544059	False	0.367
2	317	8	2687.706	2.687706	False	0.386
2	318	1	19617.798	19.617798	True	0.804
2	319	1	14030.559	14.030559	False	0.133
2	319	2	9758.657	9.758657	False	0.133
2	319	3	18621.602	18.621602	False	0.417
2	319	4	11601.943	11.601943	False	0.133
2	319	5	2175.815	2.175815	False	0.133
2	319	6	14435.653	14.435653	False	0.133
2	319	7	18787.867	18.787867	False	0.403
2	319	8	20594.602	20.594602	False	0.465
2	319	9	2739.791	2.739791	False	0.133
2	319	10	10956.497	10.956497	False	0.133
2	319	11	2132.149	2.132149	False	0.133
2	319	12	1281.238	1.281238	False	0.133
2	320	1	15896.966	15.896966	False	0.476
2	320	2	17177.981	17.177981	False	0.402
2	320	3	9852.462	9.852462	False	0.415
2	320	4	20212.320	20.212320	True	0.763
2	321	1	3656.719	3.656719	False	0.133
2	321	2	2494.360	2.494360	False	0.133
2	321	3	1868.727	1.868727	False	0.133
2	321	4	15707.501	15.707501	False	0.133
2	322	1	12454.627	12.454627	False	0.133
2	322	2	16696.508	16.696508	False	0.433
2	322	3	7258.992	7.258992	False	0.469
2	322	4	18124.502	18.124502	False	0.43
2	322	5	22330.406	22.330406	False	0.419
2	322	6	2239.758	2.239758	False	0.469
2	322	7	3044.672	3.044672	False	0.469
2	322	8	21565.236	21.565236	False	0.428
2	323	1	20407.105	20.407105	True	0.686
2	324	1	18799.559	18.799559	False	0.387
2	324	2	7083.292	7.083292	False	0.499
2	324	3	32221.217	32.221217	False	0.459
2	324	4	17253.195	17.253195	False	0.439
2	324	5	13512.430	13.512430	False	0.499
2	324	6	8577.592	8.577592	False	0.433
2	324	7	22121.786	22.121786	False	0.395
2	325	1	17734.335	17.734335	False	0.382
2	325	2	16929.496	16.929496	False	0.133
2	325	3	29932.900	29.932900	False	0.377
2	325	4	24012.692	24.012692	False	0.379
2	325	5	14484.736	14.484736	False	0.133
2	325	6	11363.769	11.363769	False	0.47
2	325	7	17342.222	17.342222	False	0.47
2	325	8	1817.340	1.817340	False	0.47
2	325	9	2920.885	2.920885	False	0.47
2	325	10	16458.810	16.458810	False	0.133
2	325	11	2699.830	2.699830	False	0.47
2	326	1	27141.879	27.141879	False	0.133
2	326	2	16786.142	16.786142	False	0.44
2	326	3	14533.067	14.533067	False	0.133
2	326	4	3498.945	3.498945	False	0.133
2	326	5	17384.865	17.384865	False	0.336
2	326	6	17437.584	17.437584	False	0.133
2	326	7	11409.388	11.409388	False	0.133
2	327	1	18279.726	18.279726	False	0.133
2	327	2	4108.267	4.108267	False	0.133
2	327	3	26084.751	26.084751	False	0.497
2	327	4	2613.821	2.613821	False	0.133
2	327	5	14725.331	14.725331	False	0.353
2	327	6	16526.690	16.526690	False	0.368
2	327	7	12013.610	12.013610	False	0.133
2	327	8	1769.633	1.769633	False	0.133
2	328	1	11906.165	11.906165	False	0.133
2	328	2	4380.571	4.380571	False	0.133
2	328	3	11554.041	11.554041	False	0.133
2	328	4	15750.393	15.750393	False	0.428
2	328	5	13231.124	13.231124	False	0.39
2	328	6	17518.585	17.518585	False	0.436
2	328	7	12513.917	12.513917	False	0.133
2	328	8	18544.706	18.544706	False	0.372
2	328	9	16282.324	16.282324	False	0.374
2	329	1	14095.184	14.095184	False	0.133
2	329	2	7647.738	7.647738	False	0.388
2	329	3	2769.318	2.769318	False	0.388
2	329	4	3573.422	3.573422	False	0.388
2	329	5	18964.685	18.964685	False	0.436
2	329	6	16140.990	16.140990	False	0.378
2	329	7	20256.146	20.256146	True	0.729
2	330	1	7775.777	7.775777	False	0.461
2	330	2	33122.280	33.122280	False	0.461
2	330	3	15080.139	15.080139	False	0.458
2	330	4	13784.386	13.784386	False	0.456
2	330	5	3112.768	3.112768	False	0.461
2	330	6	17037.708	17.037708	False	0.503
2	330	7	18356.896	18.356896	False	0.402
2	330	8	2687.863	2.687863	False	0.461
2	330	9	23926.953	23.926953	False	0.545
2	330	10	2711.634	2.711634	False	0.461
2	330	11	2668.002	2.668002	False	0.461
2	330	12	2351.836	2.351836	False	0.461
2	330	13	25068.804	25.068804	False	0.518
2	330	14	4549.702	4.549702	False	0.461
2	331	1	18143.917	18.143917	False	0.474
2	331	2	22241.602	22.241602	False	0.403
2	331	3	26450.984	26.450984	False	0.447
2	331	4	19658.853	19.658853	False	0.133
2	331	5	1982.325	1.982325	False	0.447
2	331	6	2782.290	2.782290	False	0.447
2	332	1	15885.348	15.885348	False	0.397
2	332	2	26361.807	26.361807	False	0.392
2	332	3	15572.084	15.572084	False	0.133
2	332	4	13523.590	13.523590	False	0.133
2	332	5	17841.800	17.841800	False	0.408
2	332	6	2992.985	2.992985	False	0.133
2	332	7	16129.673	16.129673	False	0.133
2	332	8	17165.277	17.165277	False	0.133
2	332	9	12362.000	12.362000	False	0.133
2	333	1	22237.147	22.237147	False	0.439
2	333	2	3515.905	3.515905	False	0.133
2	333	3	15758.756	15.758756	False	0.133
2	333	4	15779.890	15.779890	False	0.133
2	333	5	2598.306	2.598306	False	0.133
2	334	1	12818.454	12.818454	False	0.133
2	334	2	16788.507	16.788507	False	0.434
2	334	3	3131.550	3.131550	False	0.133
2	334	4	2625.946	2.625946	False	0.133
2	334	5	10032.617	10.032617	False	0.499
2	334	6	22858.998	22.858998	False	0.133
2	334	7	27422.779	27.422779	False	0.133
2	334	8	3714.866	3.714866	False	0.133
2	334	9	19245.452	19.245452	False	0.399
2	334	10	11541.454	11.541454	False	0.133
2	335	1	2860.743	2.860743	False	0.133
2	335	2	22824.146	22.824146	False	0.449
2	335	3	12262.930	12.262930	False	0.133
2	335	4	13741.255	13.741255	False	0.133
2	335	5	13876.881	13.876881	False	0.434
2	335	6	1723.837	1.723837	False	0.133
2	335	7	1965.055	1.965055	False	0.133
2	336	1	30342.480	30.342480	True	0.763
2	337	1	3795.514	3.795514	False	0.133
2	337	2	16399.153	16.399153	False	0.133
2	337	3	33889.317	33.889317	False	0.406
2	337	4	2018.212	2.018212	False	0.133
2	337	5	1966.439	1.966439	False	0.133
2	337	6	14474.341	14.474341	False	0.408
2	337	7	14455.679	14.455679	False	0.133
2	337	8	15702.464	15.702464	False	0.61
2	337	9	1571.485	1.571485	False	0.133
2	337	10	15253.838	15.253838	False	0.133
2	337	11	21300.894	21.300894	False	0.388
2	337	12	26430.793	26.430793	False	0.432
2	337	13	12883.039	12.883039	False	0.367
2	338	1	16672.589	16.672589	False	0.386
2	338	2	3979.678	3.979678	False	0.133
2	338	3	13561.890	13.561890	False	0.133
2	338	4	20517.708	20.517708	False	0.373
2	338	5	2605.495	2.605495	False	0.133
2	338	6	14979.967	14.979967	False	0.48
2	338	7	9075.291	9.075291	False	0.133
2	338	8	23042.289	23.042289	False	0.4
2	338	9	8279.197	8.279197	False	0.133
2	338	10	3002.767	3.002767	False	0.133
2	338	11	19336.174	19.336174	False	0.133
2	339	1	5536.133	5.536133	False	0.133
2	339	2	15244.624	15.244624	False	0.434
2	339	3	16469.478	16.469478	False	0.133
2	339	4	20431.345	20.431345	False	0.133
2	339	5	23851.006	23.851006	False	0.423
2	339	6	25097.772	25.097772	False	0.363
2	339	7	3945.530	3.945530	False	0.133
2	340	1	17365.485	17.365485	False	0.133
2	340	2	4153.499	4.153499	True	0.814
2	341	1	15314.483	15.314483	False	0.133
2	341	2	4066.775	4.066775	False	0.133
2	341	3	16188.944	16.188944	False	0.133
2	341	4	22749.856	22.749856	True	0.747
2	342	1	22894.029	22.894029	False	0.488
2	342	2	23834.885	23.834885	False	0.494
2	342	3	14197.575	14.197575	False	0.133
2	342	4	19405.768	19.405768	False	0.457
2	342	5	3074.372	3.074372	False	0.133
2	342	6	2564.543	2.564543	False	0.133
2	343	1	6345.179	6.345179	False	0.133
2	343	2	33033.379	33.033379	False	0.133
2	343	3	13234.612	13.234612	False	0.133
2	343	4	15846.522	15.846522	False	0.466
2	343	5	7202.822	7.202822	False	0.499
2	343	6	12089.406	12.089406	False	0.133
2	343	7	9793.043	9.793043	False	0.499
2	343	8	12487.335	12.487335	False	0.133
2	343	9	3700.574	3.700574	False	0.133
2	343	10	2526.019	2.526019	False	0.133
2	344	1	18437.770	18.437770	False	0.492
2	344	2	2992.961	2.992961	False	0.492
2	344	3	3081.340	3.081340	False	0.492
2	344	4	24414.647	24.414647	False	0.511
2	344	5	14252.486	14.252486	False	0.494
2	344	6	22214.783	22.214783	False	0.519
2	344	7	11561.608	11.561608	False	0.492
2	344	8	2768.547	2.768547	False	0.492
2	344	9	12599.885	12.599885	False	0.416
2	345	1	14610.272	14.610272	False	0.475
2	345	2	18869.115	18.869115	False	0.402
2	345	3	5870.012	5.870012	False	0.133
2	345	4	17335.258	17.335258	False	0.356
2	345	5	16353.830	16.353830	False	0.133
2	345	6	14532.513	14.532513	False	0.133
2	346	1	19817.558	19.817558	False	0.459
2	346	2	18660.509	18.660509	False	0.383
2	346	3	33038.648	33.038648	True	0.845
2	347	1	19897.864	19.897864	False	0.562
2	347	2	23268.644	23.268644	False	0.133
2	347	3	18604.910	18.604910	False	0.133
2	347	4	14104.128	14.104128	False	0.45
2	347	5	19234.652	19.234652	True	0.872
2	348	1	17054.286	17.054286	False	0.133
2	348	2	3372.319	3.372319	False	0.133
2	348	3	13828.291	13.828291	True	0.918
2	349	1	13318.418	13.318418	False	0.133
2	349	2	25211.257	25.211257	False	0.577
2	349	3	7880.580	7.880580	False	0.133
2	349	4	14431.362	14.431362	False	0.133
2	349	5	11208.510	11.208510	True	0.845
2	350	1	51414.682	51.414682	True	0.823
2	351	1	18681.669	18.681669	False	0.402
2	351	2	13274.285	13.274285	True	0.661
2	352	1	14146.095	14.146095	True	0.917
2	353	1	16511.756	16.511756	False	0.431
2	353	2	11520.054	11.520054	False	0.133
2	353	3	32694.260	32.694260	False	0.526
2	353	4	8276.633	8.276633	False	0.591
2	353	5	19772.058	19.772058	False	0.5
2	353	6	2338.711	2.338711	False	0.591
2	353	7	14712.949	14.712949	False	0.133
2	353	8	16076.161	16.076161	False	0.431
2	353	9	2926.627	2.926627	False	0.591
2	354	1	8239.785	8.239785	False	0.499
2	354	2	7454.614	7.454614	False	0.464
2	354	3	3102.973	3.102973	False	0.464
2	354	4	25987.317	25.987317	False	0.503
2	354	5	13894.748	13.894748	False	0.464
2	354	6	13587.187	13.587187	True	0.838
2	355	1	10366.228	10.366228	False	0.133
2	355	2	20726.709	20.726709	False	0.573
2	355	3	18419.466	18.419466	False	0.563
2	355	4	1812.736	1.812736	False	0.563
2	355	5	11776.235	11.776235	False	0.573
2	355	6	17284.813	17.284813	False	0.6
2	355	7	8534.432	8.534432	False	0.499
2	355	8	14363.350	14.363350	False	0.133
2	355	9	17660.114	17.660114	False	0.133
2	355	10	8990.725	8.990725	False	0.573
2	355	11	14777.699	14.777699	False	0.573
2	356	1	17378.219	17.378219	False	0.429
2	356	2	6778.942	6.778942	False	0.457
2	356	3	20981.649	20.981649	False	0.421
2	356	4	18281.285	18.281285	False	0.37
2	356	5	2023.061	2.023061	False	0.457
2	356	6	16037.195	16.037195	False	0.5
2	356	7	16719.320	16.719320	False	0.465
2	356	8	17364.834	17.364834	False	0.466
2	356	9	20659.766	20.659766	False	0.52
2	356	10	1949.174	1.949174	False	0.457
2	356	11	18144.886	18.144886	False	0.133
2	356	12	2736.464	2.736464	False	0.457
2	356	13	22830.322	22.830322	False	0.446
2	356	14	14699.789	14.699789	False	0.348
2	357	1	31104.121	31.104121	False	0.485
2	357	2	25355.366	25.355366	False	0.368
2	357	3	25731.719	25.731719	False	0.467
2	357	4	16036.612	16.036612	False	0.133
2	357	5	6560.333	6.560333	False	0.422
2	357	6	2433.948	2.433948	False	0.422
2	358	1	22289.532	22.289532	False	0.353
2	358	2	7574.420	7.574420	False	0.408
2	358	3	2673.646	2.673646	False	0.408
2	358	4	20564.036	20.564036	False	0.468
2	358	5	21172.876	21.172876	False	0.468
2	358	6	15770.171	15.770171	False	0.36
2	358	7	23767.605	23.767605	False	0.298
2	358	8	16059.261	16.059261	False	0.492
2	358	9	2530.052	2.530052	False	0.408
2	358	10	2205.467	2.205467	False	0.408
2	358	11	13965.511	13.965511	False	0.408
2	358	12	2766.616	2.766616	False	0.408
2	358	13	12283.632	12.283632	False	0.408
2	359	1	11707.058	11.707058	False	0.133
2	359	2	1861.065	1.861065	False	0.133
2	359	3	20567.043	20.567043	False	0.497
2	359	4	31081.608	31.081608	False	0.488
2	359	5	23470.199	23.470199	False	0.485
2	359	6	21644.752	21.644752	False	0.478
2	359	7	9293.385	9.293385	False	0.499
2	359	8	2249.123	2.249123	False	0.133
2	360	1	17605.658	17.605658	False	0.464
2	360	2	8536.370	8.536370	False	0.418
2	360	3	6174.195	6.174195	False	0.418
2	360	4	3700.559	3.700559	False	0.418
2	360	5	2021.728	2.021728	False	0.418
2	360	6	3061.004	3.061004	False	0.418
2	361	1	4474.694	4.474694	False	0.425
2	361	2	16065.704	16.065704	False	0.446
2	361	3	16680.006	16.680006	False	0.489
2	361	4	2105.352	2.105352	False	0.425
2	361	5	19954.465	19.954465	False	0.376
2	361	6	2292.958	2.292958	False	0.425
2	361	7	2182.905	2.182905	False	0.425
2	361	8	24207.864	24.207864	True	0.744
2	362	1	7376.419	7.376419	False	0.426
2	362	2	9608.160	9.608160	False	0.133
2	362	3	29687.927	29.687927	False	0.443
2	362	4	3106.014	3.106014	False	0.426
2	362	5	2502.796	2.502796	False	0.426
2	362	6	2105.605	2.105605	False	0.426
2	362	7	17267.918	17.267918	False	0.133
2	362	8	2932.813	2.932813	False	0.426
2	363	1	14585.773	14.585773	False	0.133
2	363	2	4051.633	4.051633	False	0.426
2	363	3	2580.278	2.580278	False	0.426
2	363	4	3091.235	3.091235	False	0.426
2	363	5	11973.606	11.973606	False	0.133
2	363	6	13681.094	13.681094	False	0.133
2	363	7	2655.713	2.655713	False	0.426
2	364	1	9782.264	9.782264	False	0.499
2	364	2	13428.765	13.428765	False	0.133
2	364	3	3374.051	3.374051	False	0.426
2	364	4	3063.139	3.063139	False	0.426
2	364	5	5626.371	5.626371	False	0.426
2	364	6	4343.814	4.343814	False	0.426
2	365	1	18583.020	18.583020	False	0.414
2	365	2	25837.242	25.837242	False	0.404
2	365	3	3880.356	3.880356	False	0.133
2	365	4	2796.559	2.796559	False	0.133
2	365	5	2469.585	2.469585	False	0.133
2	365	6	25792.459	25.792459	False	0.388
2	366	1	24942.155	24.942155	False	0.133
2	366	2	16918.799	16.918799	True	0.929
2	367	1	9040.349	9.040349	False	0.133
2	367	2	1889.718	1.889718	False	0.133
2	367	3	15270.041	15.270041	False	0.133
2	367	4	1808.846	1.808846	False	0.133
2	368	1	2240.890	2.240890	False	0.133
2	368	2	6708.293	6.708293	False	0.133
2	368	3	17619.754	17.619754	False	0.598
2	368	4	10625.165	10.625165	False	0.133
2	368	5	11407.952	11.407952	False	0.498
2	368	6	13369.405	13.369405	False	0.598
2	368	7	11964.468	11.964468	False	0.133
2	368	8	20172.912	20.172912	False	0.524
2	369	1	5151.446	5.151446	True	0.926
2	370	1	19059.212	19.059212	False	0.365
2	370	2	22561.651	22.561651	False	0.444
2	370	3	19727.078	19.727078	False	0.476
2	370	4	9280.409	9.280409	False	0.419
2	370	5	2623.041	2.623041	False	0.419
2	370	6	2393.116	2.393116	False	0.419
2	370	7	3354.752	3.354752	False	0.419
2	370	8	21163.161	21.163161	True	0.786
2	371	1	13048.399	13.048399	False	0.133
2	371	2	11752.358	11.752358	False	0.133
2	371	3	10709.687	10.709687	False	0.133
2	371	4	5731.032	5.731032	False	0.133
2	372	1	15471.416	15.471416	True	0.808
2	373	1	18619.288	18.619288	False	0.412
2	373	2	25388.452	25.388452	True	0.719
2	374	1	18150.153	18.150153	False	0.452
2	374	2	16355.181	16.355181	False	0.414
2	374	3	22835.790	22.835790	False	0.401
2	374	4	18985.710	18.985710	False	0.133
2	374	5	24519.488	24.519488	False	0.429
2	374	6	19828.698	19.828698	False	0.42
2	375	1	4405.867	4.405867	False	0.133
2	375	2	28440.118	28.440118	False	0.417
2	375	3	35451.268	35.451268	False	0.133
2	375	4	40985.141	40.985141	False	0.396
2	375	5	10065.744	10.065744	False	0.133
2	375	6	2533.609	2.533609	False	0.133
2	375	7	25746.093	25.746093	True	0.73
2	376	1	15737.693	15.737693	False	0.133
2	376	2	11526.891	11.526891	False	0.133
2	376	3	8000.361	8.000361	False	0.499
2	376	4	20690.249	20.690249	True	0.78
2	377	1	45157.307	45.157307	False	0.417
2	377	2	28649.018	28.649018	False	0.421
2	377	3	3044.431	3.044431	False	0.133
2	377	4	28138.897	28.138897	True	0.707
2	378	1	41490.619	41.490619	False	0.431
2	378	2	8226.276	8.226276	False	0.428
2	378	3	2484.811	2.484811	False	0.428
2	378	4	27799.571	27.799571	True	0.778
2	379	1	21461.658	21.461658	False	0.363
2	379	2	20114.877	20.114877	False	0.319
2	379	3	4914.075	4.914075	False	0.133
2	379	4	13170.463	13.170463	False	0.133
2	379	5	10732.092	10.732092	False	0.133
2	379	6	3084.027	3.084027	False	0.133
2	380	1	17767.807	17.767807	False	0.464
2	380	2	5542.425	5.542425	False	0.337
2	380	3	7522.360	7.522360	False	0.337
2	380	4	17734.541	17.734541	False	0.403
2	380	5	12106.033	12.106033	False	0.355
2	380	6	12825.598	12.825598	False	0.432
2	381	1	15853.145	15.853145	False	0.427
2	381	2	20218.316	20.218316	False	0.367
2	381	3	6195.472	6.195472	False	0.35
2	381	4	15474.997	15.474997	False	0.133
2	381	5	2406.295	2.406295	False	0.35
2	381	6	16199.554	16.199554	False	0.133
2	382	1	28969.574	28.969574	True	0.755
2	383	1	15782.477	15.782477	False	0.37
2	383	2	13592.545	13.592545	False	0.384
2	383	3	15929.887	15.929887	False	0.389
2	383	4	21649.647	21.649647	False	0.391
2	383	5	17149.649	17.149649	False	0.133
2	383	6	19074.826	19.074826	False	0.476
2	383	7	23765.892	23.765892	False	0.353
2	383	8	2316.637	2.316637	False	0.133
2	383	9	1969.004	1.969004	False	0.133
2	383	10	21834.610	21.834610	False	0.398
2	383	11	16793.593	16.793593	False	0.41
2	384	1	13610.143	13.610143	True	0.736
2	385	1	14826.720	14.826720	False	0.133
2	385	2	19431.991	19.431991	False	0.586
2	385	3	5742.528	5.742528	False	0.564
2	385	4	15314.842	15.314842	True	0.906
2	386	1	14920.011	14.920011	True	0.785
2	387	1	22038.676	22.038676	False	0.411
2	387	2	1891.859	1.891859	False	0.133
2	387	3	20612.991	20.612991	False	0.543
2	387	4	13264.083	13.264083	False	0.133
2	387	5	2199.398	2.199398	False	0.133
2	387	6	18728.994	18.728994	False	0.452
2	387	7	2762.430	2.762430	False	0.133
2	387	8	20261.121	20.261121	False	0.508
2	388	1	2281.781	2.281781	False	0.133
2	388	2	13770.990	13.770990	False	0.133
2	388	3	2374.682	2.374682	False	0.133
2	388	4	12391.481	12.391481	False	0.133
2	389	1	18540.622	18.540622	False	0.423
2	389	2	15663.039	15.663039	False	0.133
2	389	3	9990.429	9.990429	False	0.133
2	389	4	14314.728	14.314728	False	0.133
2	389	5	20752.112	20.752112	False	0.42
2	389	6	16571.472	16.571472	False	0.452
2	389	7	14388.673	14.388673	False	0.133
2	389	8	8315.108	8.315108	False	0.499
2	389	9	2250.501	2.250501	False	0.133
2	389	10	2789.968	2.789968	False	0.133
2	389	11	14558.174	14.558174	False	0.133
2	389	12	2309.614	2.309614	False	0.133
2	390	1	3028.893	3.028893	False	0.133
2	390	2	3030.776	3.030776	False	0.133
2	390	3	10252.626	10.252626	False	0.133
2	390	4	15956.478	15.956478	False	0.133
2	391	1	18882.485	18.882485	False	0.426
2	391	2	2913.902	2.913902	False	0.133
2	391	3	9644.048	9.644048	False	0.499
2	391	4	13031.807	13.031807	False	0.133
2	391	5	1714.572	1.714572	False	0.133
2	391	6	7754.026	7.754026	False	0.499
2	391	7	13436.668	13.436668	False	0.133
2	391	8	1808.358	1.808358	False	0.133
2	392	1	1646.929	1.646929	False	0.133
2	392	2	4922.051	4.922051	False	0.133
2	392	3	12473.844	12.473844	False	0.432
2	392	4	15068.731	15.068731	False	0.133
2	392	5	10571.870	10.571870	False	0.133
2	392	6	3248.846	3.248846	False	0.133
2	392	7	9740.715	9.740715	False	0.133
2	393	1	19597.796	19.597796	False	0.436
2	393	2	18283.391	18.283391	False	0.44
2	393	3	22491.636	22.491636	False	0.412
2	393	4	23177.643	23.177643	False	0.455
2	393	5	16985.331	16.985331	False	0.401
2	393	6	21807.663	21.807663	False	0.428
2	393	7	13104.182	13.104182	False	0.428
2	393	8	18802.475	18.802475	True	0.807
2	394	1	12544.334	12.544334	False	0.133
2	394	2	14964.290	14.964290	False	0.133
2	394	3	14825.500	14.825500	False	0.133
2	394	4	10626.061	10.626061	False	0.133
2	395	1	7681.844	7.681844	False	0.499
2	395	2	19450.544	19.450544	False	0.411
2	395	3	7136.933	7.136933	False	0.438
2	395	4	3189.619	3.189619	False	0.438
2	395	5	34854.999	34.854999	False	0.465
2	395	6	19436.492	19.436492	False	0.425
2	396	1	20136.094	20.136094	False	0.421
2	396	2	13526.387	13.526387	False	0.439
2	396	3	1845.376	1.845376	False	0.439
2	396	4	10329.890	10.329890	False	0.439
2	396	5	3433.296	3.433296	False	0.439
2	396	6	2624.115	2.624115	False	0.439
2	396	7	18134.810	18.134810	False	0.426
2	397	1	8413.946	8.413946	False	0.443
2	397	2	8767.835	8.767835	False	0.499
2	397	3	12135.423	12.135423	False	0.443
2	397	4	26519.400	26.519400	False	0.514
2	397	5	26943.806	26.943806	False	0.477
2	397	6	11119.486	11.119486	False	0.499
2	397	7	7663.821	7.663821	False	0.499
2	397	8	33029.147	33.029147	False	0.476
2	397	9	18297.534	18.297534	False	0.421
2	398	1	12137.726	12.137726	False	0.439
2	398	2	2550.385	2.550385	False	0.439
2	398	3	22407.981	22.407981	False	0.49
2	398	4	20996.096	20.996096	False	0.414
2	398	5	9845.221	9.845221	False	0.499
2	398	6	2950.352	2.950352	False	0.439
2	398	7	1992.211	1.992211	False	0.439
2	398	8	13811.003	13.811003	False	0.466
2	399	1	27754.443	27.754443	False	0.133
2	399	2	27080.387	27.080387	False	0.412
2	399	3	17904.283	17.904283	False	0.401
2	399	4	25635.443	25.635443	False	0.419
2	399	5	17071.375	17.071375	False	0.433
2	399	6	2372.651	2.372651	False	0.133
2	399	7	13422.585	13.422585	False	0.133
2	399	8	12959.614	12.959614	False	0.133
2	399	9	11769.931	11.769931	False	0.133
3	0	1	15037.981	15.037981	False	0.452
3	0	2	17947.911	17.947911	False	0.133
3	0	3	31677.336	31.677336	True	0.944
3	1	1	24446.413	24.446413	False	0.405
3	1	2	7460.750	7.460750	False	0.385
3	1	3	2596.640	2.596640	False	0.385
3	1	4	12717.943	12.717943	False	0.404
3	1	5	35898.867	35.898867	False	0.499
3	1	6	13016.130	13.016130	False	0.133
3	1	7	2667.780	2.667780	False	0.385
3	1	8	22399.469	22.399469	False	0.458
3	1	9	11926.421	11.926421	False	0.133
3	1	10	22836.327	22.836327	False	0.133
3	2	1	34596.622	34.596622	False	0.518
3	2	2	14984.278	14.984278	False	0.397
3	2	3	31737.146	31.737146	False	0.133
3	2	4	11287.570	11.287570	False	0.133
3	2	5	18469.516	18.469516	False	0.437
3	2	6	4965.653	4.965653	False	0.133
3	3	1	14317.334	14.317334	True	0.858
3	4	1	13378.943	13.378943	False	0.133
3	4	2	14286.892	14.286892	False	0.133
3	4	3	18176.588	18.176588	False	0.508
3	4	4	14096.351	14.096351	False	0.133
3	4	5	5171.001	5.171001	False	0.133
3	4	6	12770.927	12.770927	False	0.133
3	4	7	24503.349	24.503349	False	0.506
3	4	8	13639.339	13.639339	False	0.133
3	5	1	3309.592	3.309592	False	0.133
3	5	2	15923.009	15.923009	False	0.521
3	5	3	11800.348	11.800348	False	0.133
3	5	4	8953.388	8.953388	False	0.133
3	5	5	11685.353	11.685353	False	0.133
3	5	6	12696.664	12.696664	False	0.133
3	6	1	15768.536	15.768536	False	0.438
3	6	2	8426.317	8.426317	True	0.779
3	7	1	3308.015	3.308015	False	0.133
3	7	2	11097.621	11.097621	False	0.499
3	7	3	18958.661	18.958661	False	0.499
3	7	4	9875.927	9.875927	False	0.133
3	7	5	13211.385	13.211385	False	0.133
3	7	6	19334.361	19.334361	False	0.477
3	7	7	1775.002	1.775002	False	0.133
3	8	1	13460.796	13.460796	False	0.133
3	8	2	3214.013	3.214013	False	0.133
3	8	3	12964.215	12.964215	False	0.133
3	8	4	19212.177	19.212177	False	0.402
3	8	5	20443.090	20.443090	False	0.484
3	8	6	9144.101	9.144101	False	0.133
3	8	7	35598.377	35.598377	True	0.825
3	9	1	19230.359	19.230359	False	0.44
3	9	2	10678.960	10.678960	False	0.499
3	9	3	19487.087	19.487087	False	0.451
3	9	4	17376.361	17.376361	False	0.569
3	9	5	21139.208	21.139208	False	0.569
3	9	6	21621.044	21.621044	False	0.133
3	9	7	13672.151	13.672151	False	0.133
3	9	8	1864.891	1.864891	False	0.569
3	9	9	7990.785	7.990785	False	0.133
3	10	1	16106.462	16.106462	False	0.356
3	10	2	17411.177	17.411177	False	0.446
3	10	3	20455.598	20.455598	False	0.461
3	10	4	10761.880	10.761880	False	0.133
3	10	5	16599.194	16.599194	False	0.471
3	10	6	13725.172	13.725172	True	0.874
3	11	1	35762.780	35.762780	False	0.568
3	11	2	8290.678	8.290678	False	0.602
3	11	3	14157.289	14.157289	False	0.133
3	11	4	21559.684	21.559684	True	0.937
3	12	1	14882.856	14.882856	False	0.133
3	12	2	17750.270	17.750270	False	0.426
3	12	3	8598.566	8.598566	False	0.599
3	12	4	15634.183	15.634183	False	0.373
3	12	5	11814.735	11.814735	False	0.599
3	12	6	14742.008	14.742008	False	0.133
3	12	7	3706.139	3.706139	False	0.599
3	12	8	19065.343	19.065343	False	0.598
3	13	1	18807.645	18.807645	False	0.338
3	13	2	16080.878	16.080878	False	0.396
3	13	3	20823.700	20.823700	False	0.419
3	13	4	9254.451	9.254451	False	0.366
3	13	5	19204.356	19.204356	True	0.832
3	14	1	14318.213	14.318213	False	0.484
3	14	2	15310.302	15.310302	False	0.133
3	14	3	2983.885	2.983885	False	0.133
3	14	4	13663.813	13.663813	False	0.499
3	14	5	21736.071	21.736071	False	0.133
3	14	6	14346.765	14.346765	False	0.133
3	14	7	13177.572	13.177572	False	0.133
3	14	8	12491.164	12.491164	False	0.133
3	15	1	14843.487	14.843487	False	0.133
3	15	2	14127.475	14.127475	False	0.133
3	15	3	15501.042	15.501042	False	0.133
3	15	4	3823.657	3.823657	False	0.133
3	16	1	15220.721	15.220721	False	0.367
3	16	2	4878.255	4.878255	False	0.133
3	16	3	12556.095	12.556095	False	0.133
3	16	4	1879.809	1.879809	False	0.133
3	16	5	13803.883	13.803883	False	0.133
3	17	1	19699.049	19.699049	False	0.534
3	17	2	13787.188	13.787188	False	0.133
3	17	3	2668.645	2.668645	False	0.133
3	17	4	10686.884	10.686884	False	0.133
3	17	5	21516.209	21.516209	False	0.133
3	18	1	17486.668	17.486668	False	0.498
3	18	2	29311.874	29.311874	True	0.83
3	19	1	16661.998	16.661998	False	0.416
3	19	2	17337.098	17.337098	False	0.37
3	19	3	7314.713	7.314713	False	0.548
3	19	4	2135.217	2.135217	False	0.548
3	19	5	12607.196	12.607196	False	0.548
3	19	6	18135.882	18.135882	False	0.38
3	19	7	18642.226	18.642226	False	0.52
3	19	8	12210.058	12.210058	False	0.548
3	20	1	17792.917	17.792917	False	0.412
3	20	2	23105.778	23.105778	False	0.402
3	20	3	17693.189	17.693189	False	0.479
3	20	4	17465.396	17.465396	False	0.423
3	20	5	11128.462	11.128462	False	0.412
3	20	6	17828.458	17.828458	False	0.403
3	20	7	3255.580	3.255580	False	0.412
3	20	8	21299.961	21.299961	False	0.384
3	21	1	11607.544	11.607544	False	0.421
3	21	2	10912.081	10.912081	False	0.133
3	21	3	17334.788	17.334788	False	0.454
3	21	4	1700.156	1.700156	False	0.133
3	21	5	16519.084	16.519084	False	0.429
3	21	6	14704.864	14.704864	False	0.133
3	21	7	1821.763	1.821763	False	0.133
3	21	8	1925.586	1.925586	False	0.133
3	22	1	12170.473	12.170473	False	0.449
3	22	2	2853.692	2.853692	False	0.133
3	22	3	12307.153	12.307153	False	0.39
3	22	4	2916.862	2.916862	False	0.133
3	22	5	9334.309	9.334309	False	0.133
3	22	6	2976.098	2.976098	False	0.133
3	23	1	2387.759	2.387759	False	0.133
3	23	2	18119.382	18.119382	False	0.422
3	23	3	20316.567	20.316567	False	0.394
3	23	4	16599.731	16.599731	False	0.418
3	23	5	14369.988	14.369988	False	0.133
3	23	6	16454.200	16.454200	False	0.388
3	23	7	17112.991	17.112991	False	0.424
3	24	1	14805.345	14.805345	False	0.366
3	24	2	14791.979	14.791979	False	0.133
3	24	3	8590.184	8.590184	False	0.499
3	24	4	13130.075	13.130075	False	0.133
3	24	5	2902.855	2.902855	False	0.133
3	24	6	19582.872	19.582872	False	0.376
3	24	7	19592.486	19.592486	False	0.38
3	24	8	18941.568	18.941568	False	0.385
3	25	1	6857.830	6.857830	False	0.367
3	25	2	21867.400	21.867400	False	0.391
3	25	3	3402.092	3.402092	False	0.367
3	25	4	21583.295	21.583295	False	0.433
3	25	5	18291.901	18.291901	False	0.376
3	25	6	19675.194	19.675194	False	0.422
3	25	7	21052.718	21.052718	False	0.388
3	25	8	2364.367	2.364367	False	0.367
3	25	9	3084.236	3.084236	False	0.367
3	26	1	3321.684	3.321684	False	0.133
3	26	2	3247.395	3.247395	False	0.133
3	26	3	12632.753	12.632753	False	0.432
3	26	4	21999.690	21.999690	False	0.403
3	26	5	20398.420	20.398420	False	0.389
3	26	6	16136.593	16.136593	False	0.133
3	26	7	11622.047	11.622047	False	0.133
3	26	8	2433.995	2.433995	False	0.133
3	27	1	13424.743	13.424743	False	0.512
3	27	2	2907.075	2.907075	False	0.133
3	27	3	15365.442	15.365442	False	0.427
3	27	4	1800.752	1.800752	False	0.133
3	27	5	14760.268	14.760268	False	0.133
3	27	6	10043.533	10.043533	False	0.432
3	28	1	34851.440	34.851440	False	0.133
3	28	2	17067.189	17.067189	False	0.133
3	28	3	17989.508	17.989508	False	0.455
3	28	4	23667.380	23.667380	False	0.133
3	28	5	19416.656	19.416656	False	0.48
3	28	6	19326.021	19.326021	False	0.407
3	28	7	19817.622	19.817622	False	0.133
3	28	8	24402.644	24.402644	False	0.467
3	28	9	2228.845	2.228845	False	0.133
3	28	10	9167.204	9.167204	False	0.133
3	29	1	18167.063	18.167063	False	0.435
3	29	2	11386.501	11.386501	False	0.133
3	29	3	22561.190	22.561190	False	0.507
3	29	4	18565.514	18.565514	False	0.401
3	29	5	9912.694	9.912694	False	0.432
3	29	6	13874.825	13.874825	False	0.133
3	29	7	15276.765	15.276765	False	0.133
3	29	8	13527.369	13.527369	False	0.436
3	30	1	13682.841	13.682841	False	0.466
3	30	2	8371.635	8.371635	False	0.407
3	30	3	20737.649	20.737649	False	0.39
3	30	4	22185.304	22.185304	False	0.413
3	30	5	2511.810	2.511810	False	0.407
3	30	6	17642.087	17.642087	False	0.502
3	30	7	17811.678	17.811678	False	0.394
3	30	8	21892.774	21.892774	False	0.431
3	30	9	17891.064	17.891064	False	0.446
3	30	10	21183.069	21.183069	False	0.414
3	30	11	20288.396	20.288396	False	0.472
3	31	1	32027.232	32.027232	False	0.451
3	31	2	14173.285	14.173285	False	0.414
3	31	3	18882.150	18.882150	False	0.423
3	31	4	7656.587	7.656587	False	0.416
3	31	5	20748.188	20.748188	False	0.408
3	31	6	12419.690	12.419690	False	0.416
3	32	1	20888.004	20.888004	False	0.41
3	32	2	17103.433	17.103433	False	0.442
3	32	3	18582.258	18.582258	False	0.412
3	32	4	10183.722	10.183722	False	0.417
3	32	5	17200.514	17.200514	False	0.45
3	32	6	17355.360	17.355360	False	0.412
3	32	7	17128.220	17.128220	False	0.41
3	33	1	19598.666	19.598666	False	0.393
3	33	2	19217.589	19.217589	False	0.417
3	33	3	8274.993	8.274993	False	0.412
3	33	4	17999.574	17.999574	False	0.377
3	33	5	2939.057	2.939057	False	0.412
3	33	6	14330.292	14.330292	False	0.405
3	33	7	16499.823	16.499823	False	0.41
3	34	1	7930.356	7.930356	False	0.427
3	34	2	6618.619	6.618619	False	0.427
3	34	3	11511.647	11.511647	False	0.427
3	34	4	21299.808	21.299808	False	0.416
3	34	5	2952.654	2.952654	False	0.427
3	34	6	19249.213	19.249213	False	0.435
3	35	1	20521.351	20.521351	False	0.408
3	35	2	17642.975	17.642975	False	0.475
3	35	3	16513.311	16.513311	False	0.434
3	35	4	16872.544	16.872544	False	0.133
3	35	5	15746.526	15.746526	False	0.133
3	35	6	21343.219	21.343219	False	0.435
3	35	7	15016.761	15.016761	False	0.456
3	36	1	15861.856	15.861856	False	0.416
3	36	2	22441.612	22.441612	False	0.442
3	36	3	19191.619	19.191619	False	0.133
3	36	4	7876.775	7.876775	False	0.421
3	36	5	19975.331	19.975331	False	0.413
3	36	6	8317.850	8.317850	False	0.421
3	36	7	3428.921	3.428921	False	0.421
3	37	1	17873.517	17.873517	False	0.426
3	37	2	17549.924	17.549924	False	0.458
3	37	3	19025.102	19.025102	False	0.397
3	37	4	17818.188	17.818188	False	0.469
3	37	5	20878.387	20.878387	False	0.459
3	37	6	14829.103	14.829103	False	0.133
3	37	7	7166.180	7.166180	False	0.421
3	37	8	15163.654	15.163654	False	0.468
3	37	9	19522.424	19.522424	False	0.355
3	38	1	6968.132	6.968132	False	0.418
3	38	2	14067.611	14.067611	False	0.418
3	38	3	19799.890	19.799890	False	0.408
3	38	4	8862.785	8.862785	False	0.418
3	38	5	14844.549	14.844549	False	0.133
3	38	6	16567.736	16.567736	False	0.418
3	39	1	18342.522	18.342522	False	0.4
3	39	2	15280.167	15.280167	False	0.424
3	39	3	19177.859	19.177859	False	0.413
3	39	4	17020.854	17.020854	False	0.408
3	39	5	7803.777	7.803777	False	0.429
3	39	6	2610.818	2.610818	False	0.429
3	39	7	21957.561	21.957561	False	0.409
3	40	1	17601.203	17.601203	False	0.427
3	40	2	5276.764	5.276764	False	0.133
3	40	3	18429.682	18.429682	False	0.429
3	40	4	13482.352	13.482352	False	0.133
3	40	5	17769.040	17.769040	False	0.42
3	40	6	2814.997	2.814997	False	0.133
3	41	1	17359.017	17.359017	False	0.133
3	41	2	21524.273	21.524273	False	0.402
3	41	3	16626.082	16.626082	False	0.407
3	41	4	17026.608	17.026608	False	0.416
3	41	5	17947.673	17.947673	False	0.396
3	41	6	17831.491	17.831491	False	0.385
3	41	7	18051.659	18.051659	False	0.403
3	41	8	13366.158	13.366158	False	0.133
3	41	9	20034.816	20.034816	False	0.428
3	41	10	2737.846	2.737846	False	0.416
3	41	11	14319.698	14.319698	False	0.391
3	41	12	13671.852	13.671852	False	0.133
3	41	13	19151.496	19.151496	False	0.416
3	41	14	21177.969	21.177969	False	0.402
3	42	1	25401.930	25.401930	False	0.4
3	42	2	5072.937	5.072937	False	0.133
3	42	3	3777.717	3.777717	False	0.133
3	42	4	2679.387	2.679387	False	0.133
3	42	5	10673.613	10.673613	False	0.133
3	43	1	19577.311	19.577311	False	0.414
3	43	2	13125.437	13.125437	False	0.133
3	43	3	18241.393	18.241393	False	0.421
3	43	4	18163.266	18.163266	False	0.39
3	43	5	15403.974	15.403974	False	0.401
3	43	6	12109.713	12.109713	False	0.133
3	44	1	8572.005	8.572005	False	0.431
3	44	2	18566.823	18.566823	False	0.483
3	44	3	10462.824	10.462824	False	0.404
3	44	4	2998.464	2.998464	False	0.431
3	44	5	2682.463	2.682463	False	0.431
3	44	6	2282.137	2.282137	False	0.431
3	44	7	14494.249	14.494249	False	0.417
3	45	1	14281.111	14.281111	False	0.384
3	45	2	20069.830	20.069830	False	0.424
3	45	3	17580.996	17.580996	False	0.417
3	45	4	14867.240	14.867240	False	0.417
3	45	5	16570.548	16.570548	False	0.418
3	45	6	22138.429	22.138429	False	0.42
3	45	7	14972.158	14.972158	False	0.42
3	46	1	19692.691	19.692691	False	0.412
3	46	2	2604.297	2.604297	False	0.412
3	46	3	2765.879	2.765879	False	0.412
3	46	4	5007.066	5.007066	False	0.412
3	46	5	11582.662	11.582662	False	0.404
3	46	6	21721.265	21.721265	False	0.396
3	47	1	27380.183	27.380183	False	0.445
3	47	2	13896.436	13.896436	False	0.437
3	47	3	20763.052	20.763052	False	0.408
3	47	4	20290.638	20.290638	False	0.403
3	47	5	17405.340	17.405340	False	0.376
3	47	6	17805.784	17.805784	False	0.472
3	47	7	19841.068	19.841068	False	0.414
3	47	8	15210.711	15.210711	False	0.397
3	47	9	9100.135	9.100135	False	0.401
3	47	10	22872.674	22.872674	False	0.406
3	47	11	18562.361	18.562361	False	0.385
3	48	1	22150.005	22.150005	False	0.412
3	48	2	9134.766	9.134766	False	0.416
3	48	3	20678.683	20.678683	False	0.427
3	48	4	17412.610	17.412610	False	0.373
3	48	5	15164.719	15.164719	False	0.461
3	48	6	19185.931	19.185931	False	0.416
3	48	7	20053.312	20.053312	False	0.455
3	48	8	18479.843	18.479843	False	0.439
3	48	9	14891.998	14.891998	False	0.133
3	48	10	2790.692	2.790692	False	0.416
3	49	1	21891.396	21.891396	False	0.42
3	49	2	17865.736	17.865736	False	0.47
3	49	3	21327.808	21.327808	False	0.424
3	49	4	17945.163	17.945163	False	0.428
3	49	5	4370.945	4.370945	False	0.133
3	49	6	3460.832	3.460832	False	0.133
3	49	7	17209.702	17.209702	False	0.4
3	50	1	22588.292	22.588292	False	0.392
3	50	2	18710.874	18.710874	False	0.456
3	50	3	14551.665	14.551665	False	0.457
3	50	4	16851.237	16.851237	False	0.133
3	50	5	16007.676	16.007676	False	0.133
3	50	6	17377.879	17.377879	False	0.133
3	50	7	16998.473	16.998473	False	0.288
3	51	1	3686.558	3.686558	False	0.133
3	51	2	4324.829	4.324829	False	0.133
3	51	3	21648.465	21.648465	False	0.402
3	51	4	18040.869	18.040869	False	0.412
3	51	5	16922.590	16.922590	False	0.133
3	51	6	19983.318	19.983318	False	0.446
3	51	7	11595.192	11.595192	False	0.404
3	51	8	23122.556	23.122556	False	0.419
3	51	9	12315.606	12.315606	False	0.133
3	51	10	15375.117	15.375117	False	0.41
3	51	11	14999.615	14.999615	False	0.46
3	51	12	14384.562	14.384562	False	0.133
3	51	13	18868.822	18.868822	False	0.376
3	51	14	14958.060	14.958060	False	0.133
3	51	15	2767.642	2.767642	False	0.133
3	51	16	18145.708	18.145708	False	0.496
3	51	17	16043.508	16.043508	False	0.41
3	51	18	2650.369	2.650369	False	0.133
3	51	19	16535.124	16.535124	False	0.133
3	51	20	2499.386	2.499386	False	0.133
3	51	21	4340.839	4.340839	False	0.133
3	52	1	20370.236	20.370236	False	0.409
3	52	2	4385.811	4.385811	False	0.133
3	52	3	19257.931	19.257931	False	0.407
3	52	4	1855.897	1.855897	False	0.133
3	52	5	1865.812	1.865812	False	0.133
3	52	6	22534.076	22.534076	False	0.397
3	53	1	8819.527	8.819527	False	0.414
3	53	2	12357.469	12.357469	False	0.414
3	53	3	1717.371	1.717371	False	0.414
3	53	4	22312.254	22.312254	False	0.413
3	53	5	15075.681	15.075681	False	0.133
3	53	6	15105.279	15.105279	False	0.414
3	54	1	7123.442	7.123442	False	0.417
3	54	2	2734.169	2.734169	False	0.417
3	54	3	13989.490	13.989490	False	0.411
3	54	4	9541.417	9.541417	False	0.417
3	54	5	20336.573	20.336573	False	0.408
3	54	6	16118.307	16.118307	False	0.133
3	55	1	18290.390	18.290390	False	0.388
3	55	2	11527.324	11.527324	False	0.133
3	55	3	11487.100	11.487100	False	0.133
3	55	4	37826.351	37.826351	False	0.433
3	55	5	5936.863	5.936863	False	0.133
3	55	6	18362.038	18.362038	False	0.403
3	55	7	16608.145	16.608145	False	0.399
3	55	8	12014.411	12.014411	False	0.133
3	55	9	14556.424	14.556424	False	0.409
3	56	1	18247.721	18.247721	False	0.5
3	56	2	23885.243	23.885243	True	0.865
3	57	1	13148.883	13.148883	False	0.133
3	57	2	18276.515	18.276515	False	0.407
3	57	3	14592.511	14.592511	False	0.133
3	57	4	10059.886	10.059886	False	0.133
3	57	5	18460.067	18.460067	False	0.348
3	57	6	11253.115	11.253115	False	0.133
3	57	7	19726.556	19.726556	False	0.432
3	57	8	13745.633	13.745633	False	0.415
3	57	9	15035.284	15.035284	False	0.421
3	57	10	17751.149	17.751149	False	0.505
3	57	11	2775.490	2.775490	False	0.133
3	57	12	18778.753	18.778753	False	0.361
3	57	13	9773.576	9.773576	False	0.133
3	57	14	2250.850	2.250850	False	0.133
3	57	15	20902.531	20.902531	False	0.461
3	58	1	35836.500	35.836500	False	0.513
3	58	2	17774.557	17.774557	False	0.472
3	58	3	2972.577	2.972577	False	0.513
3	58	4	15263.842	15.263842	False	0.377
3	58	5	15137.628	15.137628	False	0.474
3	58	6	3485.985	3.485985	False	0.513
3	59	1	14345.118	14.345118	False	0.133
3	59	2	16236.465	16.236465	False	0.392
3	59	3	14872.891	14.872891	False	0.133
3	59	4	12609.502	12.609502	False	0.499
3	59	5	19585.487	19.585487	False	0.133
3	59	6	41694.104	41.694104	False	0.518
3	59	7	40864.519	40.864519	False	0.518
3	59	8	22737.079	22.737079	False	0.508
3	59	9	14723.726	14.723726	False	0.378
3	59	10	18966.263	18.966263	False	0.439
3	59	11	22073.944	22.073944	False	0.133
3	60	1	15615.588	15.615588	False	0.133
3	60	2	13310.087	13.310087	False	0.133
3	60	3	28139.651	28.139651	False	0.564
3	60	4	19092.734	19.092734	False	0.133
3	60	5	26635.219	26.635219	False	0.478
3	60	6	19015.936	19.015936	False	0.596
3	60	7	21939.042	21.939042	False	0.479
3	60	8	11174.296	11.174296	False	0.404
3	60	9	29134.777	29.134777	False	0.606
3	60	10	31031.804	31.031804	True	0.859
3	61	1	17729.888	17.729888	False	0.329
3	61	2	17392.079	17.392079	False	0.446
3	61	3	16446.036	16.446036	False	0.408
3	61	4	13036.163	13.036163	False	0.133
3	61	5	20423.017	20.423017	False	0.421
3	61	6	16455.002	16.455002	False	0.38
3	61	7	11542.663	11.542663	False	0.133
3	62	1	17072.124	17.072124	False	0.451
3	62	2	17277.817	17.277817	False	0.434
3	62	3	19394.067	19.394067	False	0.511
3	62	4	16485.004	16.485004	False	0.468
3	62	5	9668.986	9.668986	False	0.43
3	62	6	11110.334	11.110334	False	0.133
3	62	7	2266.686	2.266686	False	0.43
3	62	8	1710.153	1.710153	False	0.43
3	63	1	22565.020	22.565020	False	0.37
3	63	2	16957.488	16.957488	False	0.396
3	63	3	10888.487	10.888487	False	0.426
3	63	4	15060.499	15.060499	False	0.431
3	63	5	15688.925	15.688925	False	0.389
3	63	6	9309.347	9.309347	False	0.133
3	63	7	15907.284	15.907284	False	0.375
3	63	8	19110.122	19.110122	False	0.388
3	64	1	13125.400	13.125400	False	0.351
3	64	2	5848.768	5.848768	False	0.133
3	64	3	17774.167	17.774167	False	0.395
3	64	4	16577.428	16.577428	False	0.392
3	64	5	2686.346	2.686346	False	0.133
3	64	6	18152.182	18.152182	False	0.414
3	64	7	24031.472	24.031472	False	0.429
3	64	8	17319.820	17.319820	False	0.442
3	64	9	16944.798	16.944798	False	0.433
3	64	10	1718.608	1.718608	False	0.133
3	64	11	16551.204	16.551204	False	0.373
3	64	12	2279.093	2.279093	False	0.133
3	64	13	17587.595	17.587595	False	0.358
3	65	1	2940.731	2.940731	False	0.133
3	65	2	19178.017	19.178017	False	0.381
3	65	3	15160.952	15.160952	False	0.408
3	65	4	16450.202	16.450202	False	0.398
3	65	5	9544.427	9.544427	False	0.133
3	65	6	2519.416	2.519416	False	0.133
3	65	7	16154.587	16.154587	False	0.133
3	65	8	16753.223	16.753223	False	0.381
3	66	1	14024.599	14.024599	False	0.133
3	66	2	15336.166	15.336166	False	0.133
3	66	3	3729.292	3.729292	False	0.133
3	66	4	17717.458	17.717458	False	0.484
3	66	5	17550.254	17.550254	False	0.396
3	66	6	2283.156	2.283156	False	0.133
3	66	7	14519.967	14.519967	False	0.385
3	66	8	15696.865	15.696865	False	0.483
3	66	9	18090.772	18.090772	False	0.47
3	67	1	20934.135	20.934135	False	0.561
3	67	2	19051.350	19.051350	False	0.407
3	67	3	18272.320	18.272320	True	0.901
3	68	1	17600.004	17.600004	False	0.447
3	68	2	21918.285	21.918285	False	0.392
3	68	3	13631.995	13.631995	False	0.46
3	68	4	22304.814	22.304814	False	0.403
3	68	5	4733.842	4.733842	False	0.133
3	68	6	17360.164	17.360164	False	0.133
3	68	7	13195.744	13.195744	False	0.133
3	68	8	19241.157	19.241157	False	0.423
3	69	1	6743.006	6.743006	False	0.411
3	69	2	2574.546	2.574546	False	0.411
3	69	3	16514.716	16.514716	False	0.406
3	69	4	2600.646	2.600646	False	0.411
3	69	5	2920.537	2.920537	False	0.411
3	69	6	2980.535	2.980535	False	0.411
3	70	1	17288.833	17.288833	False	0.407
3	70	2	16354.962	16.354962	False	0.452
3	70	3	18208.243	18.208243	False	0.427
3	70	4	8747.861	8.747861	False	0.427
3	70	5	22488.600	22.488600	False	0.439
3	70	6	20947.918	20.947918	False	0.401
3	70	7	13873.711	13.873711	False	0.427
3	71	1	7743.937	7.743937	False	0.423
3	71	2	2724.588	2.724588	False	0.423
3	71	3	5760.814	5.760814	False	0.423
3	71	4	1862.414	1.862414	False	0.423
3	71	5	20526.550	20.526550	False	0.43
3	71	6	3874.416	3.874416	False	0.423
3	72	1	18228.949	18.228949	False	0.36
3	72	2	18699.449	18.699449	False	0.358
3	72	3	18596.437	18.596437	False	0.39
3	72	4	6365.086	6.365086	False	0.4
3	72	5	45989.054	45.989054	False	0.4
3	72	6	21571.141	21.571141	False	0.441
3	72	7	2649.739	2.649739	False	0.4
3	72	8	19438.888	19.438888	False	0.4
3	72	9	4137.287	4.137287	False	0.4
3	72	10	2027.133	2.027133	False	0.4
3	72	11	19971.052	19.971052	False	0.434
3	73	1	20791.309	20.791309	False	0.133
3	73	2	17829.680	17.829680	False	0.433
3	73	3	15789.270	15.789270	False	0.133
3	73	4	21780.805	21.780805	False	0.395
3	73	5	16292.853	16.292853	False	0.133
3	73	6	26526.168	26.526168	False	0.514
3	73	7	18696.730	18.696730	False	0.45
3	73	8	15398.022	15.398022	False	0.489
3	73	9	19204.747	19.204747	False	0.405
3	73	10	23621.714	23.621714	False	0.361
3	73	11	15270.330	15.270330	False	0.133
3	74	1	24700.266	24.700266	False	0.133
3	74	2	18374.840	18.374840	False	0.547
3	74	3	4724.229	4.724229	False	0.133
3	74	4	2360.093	2.360093	False	0.133
3	74	5	17080.898	17.080898	False	0.459
3	74	6	2686.958	2.686958	False	0.133
3	74	7	14946.710	14.946710	False	0.133
3	75	1	9405.077	9.405077	False	0.558
3	75	2	17608.219	17.608219	False	0.558
3	75	3	19129.821	19.129821	False	0.566
3	75	4	17575.308	17.575308	False	0.434
3	75	5	13296.889	13.296889	False	0.566
3	75	6	15965.202	15.965202	False	0.566
3	76	1	17984.184	17.984184	False	0.585
3	76	2	7903.400	7.903400	False	0.133
3	76	3	11956.200	11.956200	False	0.133
3	76	4	13709.712	13.709712	False	0.133
3	76	5	18315.775	18.315775	False	0.434
3	76	6	1604.473	1.604473	False	0.133
3	77	1	13652.484	13.652484	False	0.133
3	77	2	1471.983	1.471983	False	0.133
3	77	3	16610.473	16.610473	False	0.459
3	77	4	10200.642	10.200642	False	0.133
3	77	5	23982.079	23.982079	False	0.133
3	77	6	15418.602	15.418602	False	0.133
3	77	7	17624.879	17.624879	False	0.51
3	77	8	15859.956	15.859956	False	0.555
3	77	9	11336.923	11.336923	False	0.432
3	77	10	15189.708	15.189708	False	0.526
3	77	11	2211.437	2.211437	False	0.133
3	77	12	41813.792	41.813792	False	0.484
3	77	13	15705.053	15.705053	False	0.133
3	78	1	10432.719	10.432719	False	0.468
3	78	2	3125.181	3.125181	False	0.468
3	78	3	15361.651	15.361651	False	0.418
3	78	4	20316.632	20.316632	False	0.445
3	78	5	18137.743	18.137743	False	0.373
3	78	6	15869.330	15.869330	False	0.468
3	79	1	19493.786	19.493786	True	0.86
3	80	1	14811.041	14.811041	False	0.491
3	80	2	7831.274	7.831274	False	0.471
3	80	3	13693.742	13.693742	False	0.396
3	80	4	16704.530	16.704530	False	0.438
3	80	5	4206.765	4.206765	False	0.471
3	80	6	18127.896	18.127896	False	0.53
3	80	7	16070.543	16.070543	False	0.487
3	80	8	4878.547	4.878547	False	0.471
3	80	9	20848.827	20.848827	False	0.513
3	80	10	19291.480	19.291480	False	0.436
3	80	11	19078.309	19.078309	False	0.361
3	81	1	17423.798	17.423798	False	0.304
3	81	2	19542.618	19.542618	False	0.434
3	81	3	16429.877	16.429877	False	0.403
3	81	4	18512.521	18.512521	False	0.133
3	81	5	13330.560	13.330560	False	0.133
3	81	6	20333.780	20.333780	False	0.426
3	81	7	8876.349	8.876349	False	0.432
3	82	1	15193.636	15.193636	False	0.133
3	82	2	13574.677	13.574677	False	0.429
3	82	3	3192.292	3.192292	False	0.133
3	82	4	2153.568	2.153568	False	0.133
3	82	5	25528.867	25.528867	False	0.457
3	82	6	3079.748	3.079748	False	0.133
3	82	7	17523.162	17.523162	False	0.347
3	82	8	4072.752	4.072752	False	0.133
3	82	9	20032.283	20.032283	False	0.389
3	82	10	13072.161	13.072161	False	0.133
3	83	1	15668.418	15.668418	False	0.47
3	83	2	13083.027	13.083027	False	0.133
3	83	3	14246.796	14.246796	False	0.133
3	83	4	10997.852	10.997852	False	0.432
3	83	5	3722.206	3.722206	False	0.133
3	83	6	2971.535	2.971535	False	0.133
3	84	1	22747.507	22.747507	False	0.459
3	84	2	43423.686	43.423686	False	0.43
3	84	3	17929.219	17.929219	False	0.411
3	84	4	16664.085	16.664085	False	0.419
3	84	5	2111.943	2.111943	False	0.43
3	84	6	14575.171	14.575171	False	0.467
3	85	1	21242.194	21.242194	False	0.133
3	85	2	14929.838	14.929838	False	0.133
3	85	3	14133.057	14.133057	False	0.133
3	85	4	20457.803	20.457803	False	0.304
3	85	5	24214.756	24.214756	False	0.518
3	85	6	33181.590	33.181590	False	0.552
3	85	7	6832.257	6.832257	False	0.133
3	85	8	13888.496	13.888496	False	0.133
3	85	9	13669.408	13.669408	False	0.44
3	85	10	15195.640	15.195640	False	0.611
3	85	11	18124.606	18.124606	False	0.503
3	85	12	17391.760	17.391760	False	0.443
3	85	13	19289.282	19.289282	False	0.597
3	85	14	14022.149	14.022149	False	0.133
3	85	15	12097.283	12.097283	False	0.133
3	86	1	11405.073	11.405073	False	0.133
3	86	2	11270.317	11.270317	False	0.133
3	86	3	16908.448	16.908448	False	0.504
3	86	4	14687.107	14.687107	False	0.133
3	86	5	9578.885	9.578885	False	0.499
3	86	6	17785.895	17.785895	False	0.536
3	86	7	4383.217	4.383217	False	0.133
3	86	8	11004.767	11.004767	False	0.499
3	86	9	16477.109	16.477109	False	0.133
3	86	10	7902.185	7.902185	False	0.133
3	86	11	15776.872	15.776872	False	0.409
3	87	1	1985.484	1.985484	False	0.133
3	87	2	2439.339	2.439339	False	0.133
3	87	3	1210.943	1.210943	False	0.133
3	87	4	10518.914	10.518914	False	0.133
3	88	1	11643.509	11.643509	False	0.133
3	88	2	14165.215	14.165215	False	0.445
3	88	3	2272.239	2.272239	False	0.133
3	88	4	21069.932	21.069932	False	0.133
3	88	5	12333.326	12.333326	False	0.133
3	88	6	33732.052	33.732052	False	0.508
3	88	7	17469.318	17.469318	False	0.133
3	88	8	15259.517	15.259517	False	0.133
3	88	9	14387.344	14.387344	False	0.43
3	88	10	8112.413	8.112413	False	0.499
3	88	11	15099.763	15.099763	False	0.133
3	89	1	14099.609	14.099609	False	0.133
3	89	2	10623.745	10.623745	False	0.133
3	89	3	19617.458	19.617458	False	0.384
3	89	4	18759.773	18.759773	False	0.41
3	89	5	14835.119	14.835119	False	0.469
3	89	6	11113.100	11.113100	False	0.133
3	89	7	16547.884	16.547884	False	0.37
3	89	8	19881.612	19.881612	False	0.408
3	89	9	10958.015	10.958015	False	0.133
3	89	10	12357.215	12.357215	False	0.133
3	90	1	14894.315	14.894315	False	0.498
3	90	2	19244.722	19.244722	False	0.455
3	90	3	4191.363	4.191363	False	0.133
3	90	4	16539.800	16.539800	False	0.333
3	90	5	13893.392	13.893392	False	0.133
3	90	6	2530.430	2.530430	False	0.133
3	91	1	13417.489	13.417489	False	0.133
3	91	2	15317.636	15.317636	False	0.41
3	91	3	15596.179	15.596179	False	0.427
3	91	4	22262.120	22.262120	False	0.411
3	91	5	20324.458	20.324458	False	0.42
3	91	6	23606.997	23.606997	False	0.426
3	91	7	4126.983	4.126983	False	0.133
3	91	8	19128.126	19.128126	False	0.396
3	92	1	16477.069	16.477069	False	0.133
3	92	2	3443.934	3.443934	False	0.133
3	92	3	17912.296	17.912296	False	0.424
3	92	4	13845.736	13.845736	False	0.133
3	92	5	11402.975	11.402975	False	0.133
3	92	6	20011.938	20.011938	False	0.341
3	92	7	12592.427	12.592427	False	0.133
3	92	8	3403.453	3.403453	False	0.133
3	93	1	25093.506	25.093506	False	0.44
3	93	2	18714.444	18.714444	False	0.374
3	93	3	20116.540	20.116540	False	0.452
3	93	4	21225.255	21.225255	False	0.356
3	93	5	20372.724	20.372724	False	0.406
3	93	6	23943.269	23.943269	False	0.427
3	93	7	20285.235	20.285235	False	0.393
3	93	8	21743.291	21.743291	False	0.527
3	93	9	3387.002	3.387002	False	0.133
3	93	10	2106.653	2.106653	False	0.133
3	93	11	2752.926	2.752926	False	0.133
3	93	12	33264.725	33.264725	False	0.383
3	93	13	10239.641	10.239641	False	0.133
3	94	1	16786.861	16.786861	False	0.417
3	94	2	13461.322	13.461322	False	0.505
3	94	3	17423.931	17.423931	False	0.398
3	94	4	20069.885	20.069885	False	0.414
3	94	5	24091.520	24.091520	False	0.459
3	94	6	19884.533	19.884533	False	0.459
3	94	7	7337.159	7.337159	False	0.45
3	95	1	6058.730	6.058730	False	0.133
3	95	2	10120.240	10.120240	False	0.133
3	95	3	15693.839	15.693839	False	0.42
3	95	4	1554.016	1.554016	False	0.133
3	95	5	18037.257	18.037257	False	0.496
3	95	6	2686.734	2.686734	False	0.133
3	95	7	18408.291	18.408291	False	0.445
3	95	8	2204.804	2.204804	False	0.133
3	95	9	10559.498	10.559498	False	0.133
3	95	10	1266.579	1.266579	False	0.133
3	96	1	11489.652	11.489652	False	0.432
3	96	2	17586.288	17.586288	False	0.358
3	96	3	13259.746	13.259746	False	0.133
3	96	4	12168.021	12.168021	False	0.133
3	96	5	21799.631	21.799631	False	0.354
3	96	6	16157.275	16.157275	False	0.133
3	97	1	18031.044	18.031044	False	0.478
3	97	2	19504.799	19.504799	False	0.386
3	97	3	16250.511	16.250511	False	0.133
3	97	4	18739.918	18.739918	False	0.463
3	97	5	15267.711	15.267711	False	0.46
3	97	6	4494.159	4.494159	False	0.133
3	98	1	17908.496	17.908496	False	0.461
3	98	2	24602.661	24.602661	False	0.448
3	98	3	12415.226	12.415226	False	0.446
3	98	4	18049.864	18.049864	False	0.133
3	98	5	7359.652	7.359652	False	0.465
3	98	6	2538.564	2.538564	False	0.465
3	99	1	3232.545	3.232545	False	0.133
3	99	2	2510.635	2.510635	False	0.133
3	99	3	21124.181	21.124181	False	0.313
3	99	4	19642.834	19.642834	False	0.362
3	99	5	2278.228	2.278228	False	0.133
3	99	6	15482.099	15.482099	False	0.392
3	99	7	26442.671	26.442671	False	0.451
3	99	8	20180.057	20.180057	False	0.374
3	99	9	12005.701	12.005701	False	0.133
3	99	10	20033.617	20.033617	False	0.426
3	99	11	24335.485	24.335485	False	0.411
3	99	12	13822.250	13.822250	False	0.408
3	100	1	4915.011	4.915011	False	0.133
3	100	2	17030.998	17.030998	False	0.445
3	100	3	2126.436	2.126436	False	0.133
3	100	4	20461.914	20.461914	False	0.408
3	100	5	11890.015	11.890015	False	0.133
3	100	6	19359.289	19.359289	False	0.343
3	100	7	18309.584	18.309584	False	0.447
3	101	1	25012.587	25.012587	False	0.466
3	101	2	6890.984	6.890984	False	0.401
3	101	3	20665.005	20.665005	False	0.393
3	101	4	4713.674	4.713674	False	0.401
3	101	5	17789.374	17.789374	False	0.378
3	101	6	15522.546	15.522546	False	0.491
3	101	7	18388.268	18.388268	False	0.415
3	101	8	2398.267	2.398267	False	0.401
3	101	9	19393.889	19.393889	False	0.515
3	101	10	1834.146	1.834146	False	0.401
3	101	11	18432.361	18.432361	False	0.381
3	101	12	16671.873	16.671873	False	0.369
3	101	13	16880.381	16.880381	False	0.379
3	101	14	18387.966	18.387966	False	0.39
3	102	1	25127.829	25.127829	False	0.404
3	102	2	17894.224	17.894224	False	0.398
3	102	3	18333.330	18.333330	False	0.398
3	102	4	21008.969	21.008969	False	0.439
3	102	5	27200.630	27.200630	False	0.43
3	102	6	16810.664	16.810664	False	0.133
3	102	7	20295.919	20.295919	False	0.452
3	102	8	16990.506	16.990506	False	0.512
3	102	9	11469.783	11.469783	False	0.133
3	102	10	2118.485	2.118485	False	0.133
3	102	11	18467.251	18.467251	False	0.438
3	102	12	18260.139	18.260139	False	0.133
3	102	13	23048.930	23.048930	False	0.44
3	103	1	3077.627	3.077627	False	0.133
3	103	2	19987.908	19.987908	False	0.377
3	103	3	20019.338	20.019338	False	0.405
3	103	4	20179.176	20.179176	False	0.41
3	103	5	21701.235	21.701235	False	0.443
3	103	6	11950.002	11.950002	False	0.133
3	103	7	2672.331	2.672331	False	0.133
3	103	8	18263.549	18.263549	False	0.423
3	103	9	18018.191	18.018191	False	0.448
3	103	10	15892.326	15.892326	False	0.44
3	104	1	7866.813	7.866813	False	0.411
3	104	2	18303.746	18.303746	True	0.82
3	105	1	16956.772	16.956772	False	0.442
3	105	2	12788.347	12.788347	False	0.479
3	105	3	14912.088	14.912088	False	0.133
3	105	4	12203.510	12.203510	False	0.133
3	105	5	14332.002	14.332002	False	0.133
3	105	6	16296.629	16.296629	False	0.486
3	105	7	15371.917	15.371917	False	0.423
3	106	1	14118.999	14.118999	False	0.133
3	106	2	22112.195	22.112195	False	0.133
3	106	3	20823.423	20.823423	False	0.416
3	106	4	17054.368	17.054368	False	0.465
3	106	5	19191.181	19.191181	False	0.413
3	106	6	2391.176	2.391176	False	0.133
3	106	7	14502.571	14.502571	False	0.133
3	106	8	17970.463	17.970463	False	0.487
3	106	9	1607.422	1.607422	False	0.133
3	106	10	2790.617	2.790617	False	0.133
3	106	11	15790.576	15.790576	False	0.133
3	106	12	19083.367	19.083367	False	0.373
3	106	13	2992.325	2.992325	False	0.133
3	107	1	4521.804	4.521804	False	0.133
3	107	2	1246.218	1.246218	False	0.133
3	107	3	14137.532	14.137532	False	0.499
3	107	4	22448.597	22.448597	False	0.133
3	107	5	2029.073	2.029073	False	0.133
3	107	6	20760.744	20.760744	False	0.47
3	107	7	19023.424	19.023424	False	0.422
3	107	8	24254.540	24.254540	False	0.481
3	108	1	6374.129	6.374129	False	0.423
3	108	2	2753.565	2.753565	False	0.423
3	108	3	18326.967	18.326967	False	0.399
3	108	4	16141.934	16.141934	False	0.347
3	108	5	15505.212	15.505212	False	0.407
3	108	6	19773.870	19.773870	False	0.42
3	109	1	4048.444	4.048444	False	0.133
3	109	2	17191.144	17.191144	False	0.399
3	109	3	17830.231	17.830231	False	0.435
3	109	4	14948.898	14.948898	False	0.394
3	109	5	18178.899	18.178899	False	0.381
3	109	6	2242.804	2.242804	False	0.133
3	109	7	12296.730	12.296730	False	0.133
3	109	8	21675.442	21.675442	False	0.447
3	109	9	2630.212	2.630212	False	0.133
3	109	10	3399.997	3.399997	False	0.133
3	109	11	10579.499	10.579499	False	0.432
3	109	12	18032.000	18.032000	False	0.429
3	109	13	10951.667	10.951667	False	0.432
3	110	1	18485.585	18.485585	False	0.384
3	110	2	15407.339	15.407339	False	0.414
3	110	3	3200.484	3.200484	False	0.133
3	110	4	18926.513	18.926513	False	0.374
3	110	5	16886.371	16.886371	False	0.394
3	110	6	21300.451	21.300451	False	0.432
3	110	7	18367.059	18.367059	False	0.32
3	110	8	13040.214	13.040214	False	0.431
3	110	9	2116.150	2.116150	False	0.133
3	110	10	2441.722	2.441722	False	0.133
3	110	11	14296.568	14.296568	False	0.133
3	111	1	12401.697	12.401697	False	0.475
3	111	2	15406.622	15.406622	False	0.401
3	111	3	10653.116	10.653116	False	0.432
3	111	4	15815.878	15.815878	False	0.133
3	111	5	17414.931	17.414931	False	0.133
3	111	6	13108.370	13.108370	False	0.133
3	112	1	21102.406	21.102406	False	0.457
3	112	2	16145.503	16.145503	False	0.446
3	112	3	15536.234	15.536234	False	0.133
3	112	4	19415.827	19.415827	False	0.437
3	112	5	2985.488	2.985488	False	0.133
3	112	6	3475.383	3.475383	False	0.133
3	113	1	13456.565	13.456565	False	0.133
3	113	2	11273.708	11.273708	False	0.133
3	113	3	19149.172	19.149172	False	0.424
3	113	4	3426.005	3.426005	False	0.133
3	113	5	18323.841	18.323841	False	0.437
3	113	6	18428.032	18.428032	False	0.424
3	113	7	13234.930	13.234930	False	0.133
3	113	8	18794.549	18.794549	False	0.386
3	113	9	3388.311	3.388311	False	0.133
3	113	10	13680.278	13.680278	False	0.133
3	114	1	11062.979	11.062979	False	0.404
3	114	2	15644.009	15.644009	False	0.133
3	114	3	15576.085	15.576085	False	0.393
3	114	4	15790.649	15.790649	False	0.133
3	114	5	17404.496	17.404496	False	0.133
3	114	6	15056.076	15.056076	False	0.133
3	115	1	20676.271	20.676271	False	0.417
3	115	2	16419.537	16.419537	False	0.414
3	115	3	3825.321	3.825321	False	0.133
3	115	4	12536.749	12.536749	False	0.133
3	115	5	16451.298	16.451298	False	0.133
3	115	6	8626.908	8.626908	False	0.133
3	116	1	2881.125	2.881125	False	0.133
3	116	2	17719.269	17.719269	False	0.52
3	116	3	10503.724	10.503724	False	0.133
3	116	4	2339.987	2.339987	False	0.133
3	116	5	13547.520	13.547520	False	0.133
3	116	6	16018.994	16.018994	False	0.455
3	116	7	10559.699	10.559699	False	0.426
3	117	1	15405.601	15.405601	False	0.419
3	117	2	17774.018	17.774018	False	0.291
3	117	3	4086.331	4.086331	False	0.133
3	117	4	18630.307	18.630307	False	0.441
3	117	5	16572.684	16.572684	False	0.452
3	117	6	14648.981	14.648981	False	0.515
3	117	7	1881.869	1.881869	False	0.133
3	117	8	1683.590	1.683590	False	0.133
3	117	9	2077.224	2.077224	False	0.133
3	117	10	14110.415	14.110415	False	0.472
3	117	11	17245.773	17.245773	False	0.133
3	118	1	9892.315	9.892315	False	0.429
3	118	2	3520.235	3.520235	False	0.429
3	118	3	2482.700	2.482700	False	0.429
3	118	4	2722.444	2.722444	False	0.429
3	118	5	12934.831	12.934831	False	0.133
3	118	6	13792.541	13.792541	False	0.133
3	119	1	22558.023	22.558023	False	0.469
3	119	2	17815.803	17.815803	False	0.494
3	119	3	7403.603	7.403603	False	0.499
3	119	4	6628.540	6.628540	False	0.459
3	119	5	17220.308	17.220308	False	0.386
3	119	6	14005.126	14.005126	False	0.133
3	119	7	2514.350	2.514350	False	0.459
3	120	1	13177.600	13.177600	False	0.133
3	120	2	7973.837	7.973837	False	0.451
3	120	3	18344.294	18.344294	False	0.473
3	120	4	28211.811	28.211811	False	0.484
3	120	5	36053.556	36.053556	False	0.133
3	120	6	8881.535	8.881535	False	0.499
3	120	7	19043.514	19.043514	False	0.133
3	120	8	20562.729	20.562729	False	0.454
3	120	9	17839.778	17.839778	False	0.481
3	120	10	19949.777	19.949777	False	0.432
3	120	11	12290.393	12.290393	False	0.432
3	121	1	11309.549	11.309549	False	0.133
3	121	2	8427.964	8.427964	False	0.443
3	121	3	22632.881	22.632881	False	0.466
3	121	4	18711.785	18.711785	False	0.408
3	121	5	13127.949	13.127949	False	0.443
3	121	6	17270.698	17.270698	False	0.478
3	121	7	13623.262	13.623262	False	0.133
3	121	8	15635.965	15.635965	False	0.428
3	121	9	18943.975	18.943975	False	0.434
3	121	10	24599.145	24.599145	False	0.436
3	121	11	7758.218	7.758218	False	0.443
3	122	1	36706.618	36.706618	False	0.433
3	122	2	12479.922	12.479922	False	0.133
3	122	3	12076.104	12.076104	False	0.133
3	122	4	7444.579	7.444579	False	0.499
3	122	5	18160.646	18.160646	False	0.441
3	122	6	1726.164	1.726164	False	0.133
3	122	7	18312.460	18.312460	False	0.133
3	122	8	1492.692	1.492692	False	0.133
3	122	9	17051.723	17.051723	False	0.495
3	123	1	28323.441	28.323441	False	0.522
3	123	2	14311.784	14.311784	False	0.438
3	123	3	2858.925	2.858925	False	0.133
3	123	4	3191.338	3.191338	False	0.133
3	123	5	12643.305	12.643305	False	0.133
3	123	6	17313.473	17.313473	False	0.367
3	124	1	19735.621	19.735621	False	0.446
3	124	2	20142.892	20.142892	False	0.398
3	124	3	13043.021	13.043021	False	0.133
3	124	4	30798.943	30.798943	False	0.41
3	124	5	30577.209	30.577209	False	0.133
3	124	6	2197.681	2.197681	False	0.133
3	125	1	3332.402	3.332402	False	0.133
3	125	2	13382.165	13.382165	False	0.133
3	125	3	14936.091	14.936091	False	0.133
3	125	4	16665.810	16.665810	False	0.494
3	125	5	15098.631	15.098631	False	0.133
3	125	6	12736.080	12.736080	False	0.404
3	125	7	18557.804	18.557804	False	0.133
3	125	8	16516.518	16.516518	False	0.497
3	125	9	32382.589	32.382589	False	0.41
3	126	1	16134.479	16.134479	False	0.447
3	126	2	14372.633	14.372633	False	0.133
3	126	3	13096.325	13.096325	False	0.432
3	126	4	7204.988	7.204988	False	0.133
3	126	5	15378.579	15.378579	False	0.133
3	126	6	2419.978	2.419978	False	0.133
3	127	1	14114.960	14.114960	False	0.133
3	127	2	6484.148	6.484148	False	0.459
3	127	3	3313.694	3.313694	False	0.459
3	127	4	13572.145	13.572145	False	0.133
3	127	5	17166.414	17.166414	False	0.436
3	127	6	1764.071	1.764071	False	0.459
3	127	7	19091.687	19.091687	False	0.497
3	127	8	14653.223	14.653223	True	0.811
3	128	1	15551.201	15.551201	False	0.34
3	128	2	16878.254	16.878254	False	0.521
3	128	3	23372.616	23.372616	False	0.441
3	128	4	11063.581	11.063581	False	0.133
3	128	5	2366.205	2.366205	False	0.133
3	128	6	16614.627	16.614627	False	0.402
3	128	7	18540.211	18.540211	False	0.533
3	128	8	13639.964	13.639964	False	0.133
3	128	9	16902.208	16.902208	False	0.398
3	128	10	4068.193	4.068193	False	0.133
3	128	11	13419.540	13.419540	False	0.455
3	128	12	23749.809	23.749809	False	0.474
3	129	1	10718.625	10.718625	False	0.133
3	129	2	1483.533	1.483533	False	0.133
3	129	3	2557.908	2.557908	False	0.133
3	129	4	14679.361	14.679361	False	0.133
3	130	1	20319.620	20.319620	False	0.368
3	130	2	17992.518	17.992518	False	0.403
3	130	3	17694.080	17.694080	False	0.378
3	130	4	17958.845	17.958845	False	0.408
3	130	5	18310.949	18.310949	False	0.451
3	130	6	16648.620	16.648620	False	0.428
3	130	7	21220.371	21.220371	False	0.436
3	130	8	17602.406	17.602406	False	0.402
3	130	9	3273.929	3.273929	False	0.133
3	130	10	16636.544	16.636544	False	0.133
3	131	1	16999.090	16.999090	False	0.459
3	131	2	10398.752	10.398752	False	0.432
3	131	3	13785.383	13.785383	False	0.133
3	131	4	18003.587	18.003587	False	0.442
3	131	5	15452.872	15.452872	False	0.604
3	131	6	31316.222	31.316222	False	0.453
3	131	7	28282.910	28.282910	False	0.453
3	131	8	17919.102	17.919102	False	0.448
3	131	9	4216.866	4.216866	False	0.133
3	131	10	13439.394	13.439394	False	0.398
3	132	1	9670.317	9.670317	False	0.133
3	132	2	4277.993	4.277993	False	0.133
3	132	3	16432.342	16.432342	False	0.373
3	132	4	20282.657	20.282657	False	0.411
3	132	5	12539.553	12.539553	False	0.413
3	132	6	15924.885	15.924885	False	0.442
3	132	7	21199.195	21.199195	False	0.463
3	132	8	13164.124	13.164124	False	0.133
3	132	9	2585.715	2.585715	False	0.133
3	132	10	17101.846	17.101846	False	0.375
3	132	11	20158.877	20.158877	False	0.45
3	132	12	16963.518	16.963518	False	0.444
3	133	1	20965.517	20.965517	False	0.51
3	133	2	3724.023	3.724023	False	0.133
3	133	3	18459.039	18.459039	False	0.485
3	133	4	11263.037	11.263037	False	0.133
3	133	5	18883.049	18.883049	False	0.376
3	133	6	19033.829	19.033829	False	0.507
3	134	1	14880.382	14.880382	False	0.133
3	134	2	3022.598	3.022598	False	0.133
3	134	3	1802.410	1.802410	False	0.133
3	134	4	2336.075	2.336075	False	0.133
3	135	1	3817.929	3.817929	False	0.133
3	135	2	16207.921	16.207921	False	0.439
3	135	3	18742.003	18.742003	True	0.837
3	136	1	9953.578	9.953578	False	0.554
3	136	2	2289.382	2.289382	False	0.554
3	136	3	18529.743	18.529743	False	0.452
3	136	4	17257.980	17.257980	False	0.584
3	136	5	14178.408	14.178408	False	0.414
3	136	6	15800.222	15.800222	False	0.472
3	136	7	15558.514	15.558514	False	0.431
3	136	8	16098.535	16.098535	False	0.468
3	136	9	26838.474	26.838474	False	0.511
3	137	1	3459.540	3.459540	False	0.133
3	137	2	11971.329	11.971329	False	0.133
3	137	3	13091.646	13.091646	False	0.133
3	137	4	13709.576	13.709576	False	0.133
3	138	1	17233.508	17.233508	False	0.379
3	138	2	19948.019	19.948019	False	0.419
3	138	3	18338.495	18.338495	False	0.448
3	138	4	11898.176	11.898176	False	0.448
3	138	5	2646.369	2.646369	False	0.448
3	138	6	2733.994	2.733994	False	0.448
3	138	7	16435.151	16.435151	False	0.484
3	138	8	14618.523	14.618523	False	0.133
3	138	9	4174.340	4.174340	False	0.448
3	138	10	17122.846	17.122846	False	0.133
3	138	11	2851.867	2.851867	False	0.448
3	138	12	4157.915	4.157915	False	0.448
3	139	1	2574.681	2.574681	False	0.133
3	139	2	2399.855	2.399855	False	0.133
3	139	3	13146.028	13.146028	False	0.133
3	139	4	2127.163	2.127163	False	0.133
3	140	1	4243.536	4.243536	True	0.749
3	141	1	2078.505	2.078505	False	0.133
3	141	2	18984.882	18.984882	False	0.423
3	141	3	14642.068	14.642068	False	0.468
3	141	4	12988.810	12.988810	False	0.133
3	141	5	7555.405	7.555405	False	0.133
3	141	6	3097.932	3.097932	False	0.133
3	141	7	14156.969	14.156969	False	0.471
3	141	8	1340.529	1.340529	False	0.133
3	142	1	1630.868	1.630868	False	0.133
3	142	2	15244.351	15.244351	False	0.133
3	142	3	25477.856	25.477856	True	0.779
3	143	1	2175.313	2.175313	False	0.133
3	143	2	1888.184	1.888184	False	0.133
3	143	3	18492.598	18.492598	False	0.474
3	143	4	4137.678	4.137678	False	0.133
3	143	5	18702.054	18.702054	False	0.371
3	143	6	18677.293	18.677293	False	0.421
3	143	7	13036.704	13.036704	False	0.133
3	143	8	1982.748	1.982748	False	0.133
3	144	1	3314.650	3.314650	False	0.133
3	144	2	9279.395	9.279395	False	0.133
3	144	3	25668.735	25.668735	False	0.472
3	144	4	1883.152	1.883152	False	0.133
3	144	5	2229.887	2.229887	False	0.133
3	144	6	17435.297	17.435297	False	0.418
3	144	7	2285.329	2.285329	False	0.133
3	144	8	8466.559	8.466559	False	0.499
3	144	9	16960.359	16.960359	False	0.356
3	144	10	15973.754	15.973754	False	0.466
3	144	11	17141.056	17.141056	False	0.444
3	144	12	2363.853	2.363853	False	0.133
3	144	13	1647.283	1.647283	False	0.133
3	145	1	3192.267	3.192267	False	0.133
3	145	2	21010.921	21.010921	False	0.476
3	145	3	3029.486	3.029486	False	0.133
3	145	4	9069.646	9.069646	False	0.133
3	145	5	12906.993	12.906993	False	0.433
3	145	6	18973.230	18.973230	False	0.422
3	145	7	14834.623	14.834623	False	0.533
3	145	8	2359.965	2.359965	False	0.133
3	145	9	17748.562	17.748562	False	0.442
3	145	10	16660.751	16.660751	False	0.485
3	145	11	10768.806	10.768806	False	0.133
3	145	12	2350.455	2.350455	False	0.133
3	146	1	11962.803	11.962803	False	0.133
3	146	2	12779.403	12.779403	False	0.133
3	146	3	15318.371	15.318371	False	0.466
3	146	4	8401.691	8.401691	False	0.432
3	146	5	11103.506	11.103506	False	0.133
3	146	6	18505.211	18.505211	False	0.341
3	146	7	15887.083	15.887083	False	0.563
3	146	8	15466.959	15.466959	False	0.494
3	146	9	14438.108	14.438108	False	0.133
3	146	10	2239.163	2.239163	False	0.133
3	146	11	11211.604	11.211604	False	0.133
3	146	12	3846.932	3.846932	False	0.133
3	147	1	9222.651	9.222651	False	0.434
3	147	2	25639.216	25.639216	True	0.75
3	148	1	19528.023	19.528023	False	0.472
3	148	2	4655.366	4.655366	False	0.133
3	148	3	20250.101	20.250101	False	0.428
3	148	4	3466.355	3.466355	False	0.133
3	148	5	19753.287	19.753287	False	0.133
3	148	6	18874.675	18.874675	True	0.8
3	149	1	22395.994	22.395994	False	0.482
3	149	2	7835.191	7.835191	False	0.499
3	149	3	18877.316	18.877316	False	0.398
3	149	4	16965.549	16.965549	False	0.461
3	149	5	14675.404	14.675404	False	0.431
3	149	6	18855.378	18.855378	False	0.461
3	149	7	21105.862	21.105862	False	0.446
3	150	1	4631.556	4.631556	False	0.133
3	150	2	17508.835	17.508835	False	0.408
3	150	3	16786.685	16.786685	False	0.431
3	150	4	18205.662	18.205662	False	0.133
3	150	5	1760.087	1.760087	False	0.133
3	150	6	13771.848	13.771848	False	0.454
3	150	7	24594.273	24.594273	False	0.475
3	150	8	19707.956	19.707956	False	0.426
3	150	9	26617.546	26.617546	False	0.518
3	150	10	13122.325	13.122325	False	0.133
3	150	11	23146.541	23.146541	False	0.513
3	150	12	27511.417	27.511417	False	0.414
3	150	13	34307.748	34.307748	False	0.133
3	150	14	1327.404	1.327404	False	0.133
3	151	1	4085.105	4.085105	False	0.133
3	151	2	2074.708	2.074708	False	0.133
3	151	3	6273.582	6.273582	False	0.133
3	151	4	1795.601	1.795601	False	0.133
3	152	1	16803.283	16.803283	False	0.419
3	152	2	2153.680	2.153680	False	0.419
3	152	3	4075.057	4.075057	False	0.419
3	152	4	11083.047	11.083047	False	0.133
3	152	5	17845.185	17.845185	False	0.443
3	152	6	13741.457	13.741457	False	0.419
3	152	7	17417.207	17.417207	False	0.419
3	152	8	2841.058	2.841058	False	0.419
3	152	9	11075.596	11.075596	False	0.419
3	152	10	2219.965	2.219965	False	0.419
3	153	1	10632.307	10.632307	False	0.133
3	153	2	18298.685	18.298685	False	0.438
3	153	3	2279.429	2.279429	False	0.133
3	153	4	3238.206	3.238206	False	0.133
3	153	5	2520.992	2.520992	False	0.133
3	153	6	17389.413	17.389413	False	0.384
3	153	7	2677.527	2.677527	False	0.133
3	154	1	16952.285	16.952285	True	0.785
3	155	1	11190.700	11.190700	False	0.404
3	155	2	17589.884	17.589884	False	0.407
3	155	3	19531.923	19.531923	False	0.468
3	155	4	4076.330	4.076330	False	0.133
3	155	5	13992.752	13.992752	False	0.46
3	155	6	1966.875	1.966875	False	0.133
3	155	7	21119.694	21.119694	False	0.442
3	155	8	15720.208	15.720208	False	0.133
3	156	1	10689.104	10.689104	False	0.133
3	156	2	13839.196	13.839196	False	0.133
3	156	3	8291.387	8.291387	False	0.133
3	156	4	14480.876	14.480876	False	0.484
3	156	5	17886.252	17.886252	False	0.455
3	156	6	13218.199	13.218199	False	0.348
3	156	7	12200.422	12.200422	False	0.442
3	156	8	13450.164	13.450164	False	0.389
3	156	9	16009.322	16.009322	False	0.133
3	157	1	15216.205	15.216205	False	0.375
3	157	2	18968.939	18.968939	False	0.47
3	157	3	14710.455	14.710455	False	0.39
3	157	4	17215.114	17.215114	False	0.423
3	157	5	29602.529	29.602529	False	0.499
3	157	6	31398.992	31.398992	True	0.747
3	158	1	14199.010	14.199010	False	0.434
3	158	2	4775.076	4.775076	False	0.133
3	158	3	14303.543	14.303543	False	0.133
3	158	4	14882.291	14.882291	False	0.479
3	158	5	20156.944	20.156944	False	0.445
3	158	6	3031.057	3.031057	False	0.133
3	158	7	2123.342	2.123342	False	0.133
3	158	8	15807.900	15.807900	False	0.333
3	158	9	2676.964	2.676964	False	0.133
3	159	1	17758.073	17.758073	False	0.447
3	159	2	15389.684	15.389684	False	0.404
3	159	3	14861.256	14.861256	False	0.414
3	159	4	11049.240	11.049240	False	0.133
3	159	5	14105.084	14.105084	False	0.444
3	159	6	7980.304	7.980304	False	0.413
3	160	1	1633.625	1.633625	False	0.133
3	160	2	14035.998	14.035998	False	0.421
3	160	3	18810.238	18.810238	False	0.506
3	160	4	12628.474	12.628474	False	0.133
3	160	5	10581.428	10.581428	False	0.133
3	160	6	12555.964	12.555964	False	0.133
3	160	7	1257.393	1.257393	False	0.133
3	161	1	8205.008	8.205008	False	0.499
3	161	2	10818.289	10.818289	False	0.133
3	161	3	17630.565	17.630565	False	0.425
3	161	4	15378.949	15.378949	False	0.477
3	161	5	11100.774	11.100774	False	0.133
3	161	6	7397.690	7.397690	False	0.499
3	162	1	19037.017	19.037017	False	0.404
3	162	2	11560.808	11.560808	False	0.133
3	162	3	2754.396	2.754396	False	0.133
3	162	4	14118.184	14.118184	False	0.33
3	162	5	2343.432	2.343432	False	0.133
3	162	6	16395.181	16.395181	False	0.455
3	162	7	15973.654	15.973654	False	0.401
3	162	8	14650.781	14.650781	False	0.399
3	162	9	16664.242	16.664242	False	0.477
3	162	10	14052.474	14.052474	False	0.403
3	162	11	16429.150	16.429150	False	0.361
3	162	12	11253.150	11.253150	False	0.133
3	162	13	19213.211	19.213211	False	0.508
3	162	14	19211.094	19.211094	False	0.365
3	162	15	20352.668	20.352668	False	0.439
3	162	16	20548.872	20.548872	False	0.461
3	162	17	17230.855	17.230855	False	0.36
3	162	18	16193.090	16.193090	False	0.407
3	163	1	21429.169	21.429169	False	0.133
3	163	2	18142.849	18.142849	False	0.536
3	163	3	24693.132	24.693132	True	0.799
3	164	1	12980.980	12.980980	False	0.133
3	164	2	25382.982	25.382982	False	0.439
3	164	3	21409.486	21.409486	False	0.376
3	164	4	8391.342	8.391342	False	0.133
3	164	5	2038.890	2.038890	False	0.133
3	164	6	2378.957	2.378957	False	0.133
3	164	7	16370.422	16.370422	False	0.387
3	165	1	2407.942	2.407942	False	0.133
3	165	2	23549.391	23.549391	False	0.133
3	165	3	2058.383	2.058383	False	0.133
3	165	4	20240.769	20.240769	False	0.539
3	165	5	14194.418	14.194418	False	0.395
3	165	6	15699.109	15.699109	False	0.641
3	165	7	2798.168	2.798168	False	0.133
3	165	8	2745.109	2.745109	False	0.133
3	165	9	19763.246	19.763246	False	0.133
3	165	10	13140.238	13.140238	False	0.133
3	166	1	11983.361	11.983361	False	0.133
3	166	2	18034.538	18.034538	False	0.46
3	166	3	14555.686	14.555686	False	0.133
3	166	4	15811.377	15.811377	False	0.447
3	166	5	1886.764	1.886764	False	0.133
3	166	6	21764.380	21.764380	False	0.133
3	166	7	12762.449	12.762449	False	0.45
3	167	1	16286.951	16.286951	False	0.444
3	167	2	15613.099	15.613099	False	0.458
3	167	3	15786.161	15.786161	False	0.406
3	167	4	24875.767	24.875767	False	0.45
3	167	5	38454.430	38.454430	False	0.438
3	167	6	25315.811	25.315811	False	0.397
3	167	7	6710.123	6.710123	False	0.395
3	168	1	15325.729	15.325729	False	0.373
3	168	2	15338.947	15.338947	False	0.391
3	168	3	12194.267	12.194267	False	0.377
3	168	4	2259.028	2.259028	False	0.391
3	168	5	11849.455	11.849455	False	0.133
3	168	6	11131.004	11.131004	False	0.133
3	168	7	10882.987	10.882987	False	0.391
3	169	1	14612.218	14.612218	False	0.433
3	169	2	10319.593	10.319593	False	0.133
3	169	3	5266.423	5.266423	False	0.133
3	169	4	16463.585	16.463585	False	0.487
3	169	5	16611.820	16.611820	False	0.133
3	169	6	17745.597	17.745597	False	0.482
3	169	7	2794.510	2.794510	False	0.133
3	169	8	13876.220	13.876220	False	0.133
3	169	9	19965.903	19.965903	False	0.402
3	170	1	23536.330	23.536330	False	0.472
3	170	2	2067.774	2.067774	False	0.133
3	170	3	22375.417	22.375417	False	0.469
3	170	4	19716.352	19.716352	False	0.539
3	170	5	2219.614	2.219614	False	0.133
3	170	6	16699.770	16.699770	False	0.397
3	170	7	2870.042	2.870042	False	0.133
3	170	8	16718.296	16.718296	False	0.452
3	170	9	10070.913	10.070913	False	0.475
3	171	1	3652.069	3.652069	False	0.133
3	171	2	15701.628	15.701628	False	0.133
3	171	3	10546.323	10.546323	False	0.423
3	171	4	1480.742	1.480742	False	0.133
3	171	5	13943.645	13.943645	False	0.133
3	171	6	11037.956	11.037956	False	0.426
3	171	7	14799.539	14.799539	True	0.832
3	172	1	14729.316	14.729316	False	0.459
3	172	2	10534.983	10.534983	False	0.452
3	172	3	17537.380	17.537380	False	0.572
3	172	4	19680.337	19.680337	False	0.478
3	172	5	10948.185	10.948185	False	0.133
3	172	6	28606.438	28.606438	False	0.526
3	172	7	17195.190	17.195190	False	0.577
3	172	8	17648.347	17.648347	False	0.52
3	173	1	13465.196	13.465196	False	0.133
3	173	2	11071.850	11.071850	False	0.133
3	173	3	16641.945	16.641945	False	0.511
3	173	4	11043.410	11.043410	False	0.133
3	173	5	18645.225	18.645225	False	0.526
3	173	6	11623.534	11.623534	False	0.133
3	173	7	8517.179	8.517179	False	0.432
3	173	8	12019.172	12.019172	False	0.133
3	173	9	23016.235	23.016235	False	0.133
3	173	10	16207.689	16.207689	False	0.423
3	174	1	2950.256	2.950256	False	0.133
3	174	2	14762.922	14.762922	False	0.133
3	174	3	18033.449	18.033449	False	0.496
3	174	4	13182.511	13.182511	False	0.133
3	174	5	2477.452	2.477452	False	0.133
3	174	6	13931.448	13.931448	True	0.852
3	175	1	10880.182	10.880182	False	0.432
3	175	2	8226.570	8.226570	False	0.499
3	175	3	14981.724	14.981724	False	0.356
3	175	4	2869.087	2.869087	False	0.133
3	175	5	17805.257	17.805257	False	0.49
3	175	6	10789.621	10.789621	False	0.133
3	175	7	16196.381	16.196381	False	0.459
3	176	1	15691.106	15.691106	True	0.841
3	177	1	24888.497	24.888497	False	0.507
3	177	2	15195.743	15.195743	False	0.432
3	177	3	22057.203	22.057203	True	0.819
3	178	1	21678.167	21.678167	False	0.451
3	178	2	12285.542	12.285542	False	0.133
3	178	3	20463.075	20.463075	False	0.463
3	178	4	11966.497	11.966497	False	0.133
3	178	5	13583.485	13.583485	False	0.491
3	178	6	14612.627	14.612627	True	0.791
3	179	1	20221.516	20.221516	False	0.418
3	179	2	2112.653	2.112653	False	0.133
3	179	3	13590.479	13.590479	False	0.133
3	179	4	4229.978	4.229978	False	0.133
3	179	5	14175.649	14.175649	False	0.441
3	179	6	14269.356	14.269356	False	0.133
3	179	7	12712.567	12.712567	False	0.404
3	179	8	3076.418	3.076418	False	0.133
3	179	9	2830.655	2.830655	False	0.133
3	179	10	19388.594	19.388594	False	0.431
3	180	1	17134.894	17.134894	False	0.455
3	180	2	14594.314	14.594314	False	0.465
3	180	3	5011.591	5.011591	False	0.524
3	180	4	16136.698	16.136698	False	0.498
3	180	5	18837.946	18.837946	False	0.524
3	180	6	25153.073	25.153073	False	0.455
3	180	7	2202.616	2.202616	False	0.524
3	180	8	19015.333	19.015333	True	0.854
3	181	1	31779.684	31.779684	False	0.612
3	181	2	1735.537	1.735537	False	0.612
3	181	3	17522.378	17.522378	False	0.616
3	181	4	16996.823	16.996823	False	0.541
3	181	5	2521.752	2.521752	False	0.612
3	181	6	16665.032	16.665032	False	0.462
3	182	1	10084.651	10.084651	True	0.949
3	183	1	14404.116	14.404116	False	0.444
3	183	2	2122.067	2.122067	False	0.444
3	183	3	2284.029	2.284029	False	0.444
3	183	4	13032.981	13.032981	False	0.133
3	183	5	20951.107	20.951107	False	0.538
3	183	6	10454.814	10.454814	False	0.444
3	183	7	18577.002	18.577002	False	0.425
3	183	8	26360.954	26.360954	False	0.46
3	183	9	10857.094	10.857094	False	0.444
3	183	10	18846.546	18.846546	False	0.536
3	184	1	8195.149	8.195149	False	0.427
3	184	2	16275.455	16.275455	False	0.421
3	184	3	12516.339	12.516339	False	0.499
3	184	4	20128.045	20.128045	False	0.5
3	184	5	2761.223	2.761223	False	0.427
3	184	6	1884.691	1.884691	False	0.427
3	184	7	17724.641	17.724641	False	0.452
3	184	8	13857.746	13.857746	False	0.133
3	185	1	17614.274	17.614274	False	0.447
3	185	2	20514.877	20.514877	True	0.754
3	186	1	2331.744	2.331744	False	0.133
3	186	2	17941.486	17.941486	False	0.449
3	186	3	3471.356	3.471356	False	0.133
3	186	4	2115.216	2.115216	False	0.133
3	186	5	1993.331	1.993331	False	0.133
3	186	6	16915.686	16.915686	False	0.496
3	186	7	2286.346	2.286346	False	0.133
3	186	8	23669.617	23.669617	False	0.514
3	186	9	2241.747	2.241747	False	0.133
3	186	10	2766.688	2.766688	False	0.133
3	186	11	11751.983	11.751983	False	0.133
3	186	12	2441.092	2.441092	False	0.133
3	187	1	16051.623	16.051623	False	0.423
3	187	2	18049.106	18.049106	False	0.406
3	187	3	19253.388	19.253388	False	0.469
3	187	4	16447.261	16.447261	False	0.426
3	187	5	15063.450	15.063450	True	0.839
3	188	1	18178.697	18.178697	False	0.452
3	188	2	4042.612	4.042612	False	0.133
3	188	3	2759.132	2.759132	False	0.133
3	188	4	2285.802	2.285802	False	0.133
3	188	5	16574.533	16.574533	False	0.133
3	189	1	17076.987	17.076987	False	0.38
3	189	2	5181.838	5.181838	False	0.405
3	189	3	16292.380	16.292380	False	0.414
3	189	4	2676.242	2.676242	False	0.405
3	189	5	14997.104	14.997104	False	0.405
3	189	6	10831.119	10.831119	False	0.405
3	189	7	18706.714	18.706714	False	0.426
3	189	8	15213.678	15.213678	False	0.471
3	189	9	17464.292	17.464292	False	0.447
3	189	10	9025.103	9.025103	False	0.499
3	189	11	12921.955	12.921955	False	0.133
3	189	12	8295.744	8.295744	False	0.499
3	189	13	2620.852	2.620852	False	0.405
3	189	14	2219.246	2.219246	False	0.405
3	189	15	1824.655	1.824655	False	0.405
3	190	1	13962.376	13.962376	False	0.391
3	190	2	18614.390	18.614390	False	0.43
3	190	3	11013.354	11.013354	False	0.133
3	190	4	2517.435	2.517435	False	0.133
3	190	5	8038.214	8.038214	False	0.133
3	190	6	19599.182	19.599182	False	0.474
3	190	7	11946.341	11.946341	False	0.133
3	190	8	19063.038	19.063038	False	0.481
3	190	9	2273.183	2.273183	False	0.133
3	190	10	1952.346	1.952346	False	0.133
3	190	11	1308.504	1.308504	False	0.133
3	191	1	5678.573	5.678573	False	0.404
3	191	2	13904.850	13.904850	True	0.762
3	192	1	6490.540	6.490540	False	0.543
3	192	2	13025.859	13.025859	True	0.877
3	193	1	16310.972	16.310972	True	0.784
3	194	1	22204.890	22.204890	False	0.133
3	194	2	13043.447	13.043447	True	0.763
3	195	1	20964.787	20.964787	False	0.459
3	195	2	16025.769	16.025769	False	0.389
3	195	3	16037.879	16.037879	False	0.459
3	195	4	7952.468	7.952468	False	0.446
3	195	5	17224.094	17.224094	False	0.414
3	195	6	10674.049	10.674049	False	0.133
3	196	1	37336.055	37.336055	False	0.52
3	196	2	20493.181	20.493181	False	0.615
3	196	3	16139.006	16.139006	True	0.909
3	197	1	6635.573	6.635573	False	0.381
3	197	2	2911.789	2.911789	False	0.381
3	197	3	18004.975	18.004975	True	0.772
3	198	1	3996.640	3.996640	False	0.133
3	198	2	22172.552	22.172552	False	0.133
3	198	3	16311.095	16.311095	False	0.507
3	198	4	2007.511	2.007511	False	0.133
3	198	5	2282.221	2.282221	False	0.133
3	198	6	18941.030	18.941030	False	0.133
3	198	7	14311.352	14.311352	False	0.438
3	198	8	15784.531	15.784531	False	0.456
3	199	1	21366.469	21.366469	False	0.407
3	199	2	24035.443	24.035443	False	0.414
3	199	3	13667.804	13.667804	False	0.414
3	199	4	26336.997	26.336997	True	0.832
3	200	1	7630.611	7.630611	False	0.446
3	200	2	11030.011	11.030011	False	0.446
3	200	3	16365.673	16.365673	False	0.428
3	200	4	13596.803	13.596803	False	0.38
3	200	5	12456.188	12.456188	False	0.44
3	200	6	25590.558	25.590558	False	0.474
3	200	7	2555.700	2.555700	False	0.446
3	200	8	18126.289	18.126289	False	0.444
3	200	9	19753.847	19.753847	False	0.507
3	200	10	2157.701	2.157701	False	0.446
3	200	11	4312.306	4.312306	False	0.446
3	200	12	15549.162	15.549162	False	0.385
3	200	13	15721.007	15.721007	False	0.446
3	200	14	2162.687	2.162687	False	0.446
3	201	1	21078.110	21.078110	False	0.5
3	201	2	7153.179	7.153179	False	0.443
3	201	3	10869.416	10.869416	False	0.133
3	201	4	16505.717	16.505717	False	0.402
3	201	5	16063.750	16.063750	False	0.401
3	201	6	2287.066	2.287066	False	0.443
3	202	1	10274.775	10.274775	False	0.133
3	202	2	4314.877	4.314877	False	0.133
3	202	3	19361.865	19.361865	False	0.481
3	202	4	3118.890	3.118890	False	0.133
3	202	5	14763.901	14.763901	False	0.133
3	202	6	9199.761	9.199761	False	0.133
3	202	7	2959.719	2.959719	False	0.133
3	203	1	3847.592	3.847592	False	0.133
3	203	2	17331.304	17.331304	False	0.441
3	203	3	15544.776	15.544776	False	0.133
3	203	4	24753.911	24.753911	True	0.789
3	204	1	28511.973	28.511973	True	0.768
3	205	1	8993.637	8.993637	False	0.436
3	205	2	14098.923	14.098923	False	0.436
3	205	3	3018.538	3.018538	False	0.436
3	205	4	17437.163	17.437163	False	0.485
3	205	5	2474.836	2.474836	False	0.436
3	205	6	16588.142	16.588142	False	0.423
3	205	7	13599.493	13.599493	False	0.403
3	205	8	11143.450	11.143450	False	0.133
3	205	9	15380.005	15.380005	False	0.452
3	206	1	13170.531	13.170531	False	0.133
3	206	2	11215.277	11.215277	False	0.514
3	206	3	3581.104	3.581104	False	0.133
3	206	4	13022.121	13.022121	False	0.133
3	206	5	2285.379	2.285379	False	0.133
3	206	6	9644.138	9.644138	False	0.133
3	207	1	14774.769	14.774769	False	0.133
3	207	2	2761.875	2.761875	False	0.133
3	207	3	13316.861	13.316861	False	0.133
3	207	4	18362.177	18.362177	False	0.434
3	207	5	15272.804	15.272804	False	0.446
3	207	6	14512.575	14.512575	False	0.133
3	207	7	15637.359	15.637359	False	0.431
3	207	8	16679.282	16.679282	False	0.465
3	207	9	13531.720	13.531720	False	0.414
3	207	10	15268.202	15.268202	False	0.133
3	207	11	1992.994	1.992994	False	0.133
3	207	12	2120.248	2.120248	False	0.133
3	207	13	9332.002	9.332002	False	0.431
3	208	1	13560.254	13.560254	False	0.133
3	208	2	4276.719	4.276719	False	0.133
3	208	3	14037.936	14.037936	False	0.133
3	208	4	12721.439	12.721439	False	0.434
3	208	5	16744.133	16.744133	False	0.133
3	208	6	2361.909	2.361909	False	0.133
3	208	7	2843.391	2.843391	False	0.133
3	208	8	2602.465	2.602465	False	0.133
3	209	1	15767.768	15.767768	False	0.133
3	209	2	4228.566	4.228566	False	0.133
3	209	3	17903.348	17.903348	False	0.484
3	209	4	21943.770	21.943770	False	0.458
3	209	5	10339.301	10.339301	False	0.133
3	209	6	15054.076	15.054076	False	0.133
3	209	7	16324.317	16.324317	False	0.4
3	209	8	10924.378	10.924378	False	0.133
3	210	1	17453.681	17.453681	False	0.442
3	210	2	2845.004	2.845004	False	0.442
3	210	3	17756.697	17.756697	False	0.42
3	210	4	19745.007	19.745007	False	0.429
3	210	5	8641.428	8.641428	False	0.426
3	210	6	12812.215	12.812215	False	0.442
3	211	1	4608.937	4.608937	False	0.133
3	211	2	16985.233	16.985233	False	0.395
3	211	3	11711.568	11.711568	False	0.408
3	211	4	13891.060	13.891060	False	0.356
3	211	5	15970.082	15.970082	False	0.474
3	211	6	17642.181	17.642181	False	0.413
3	211	7	16693.526	16.693526	False	0.133
3	211	8	13848.862	13.848862	False	0.133
3	211	9	11044.609	11.044609	False	0.432
3	211	10	13889.660	13.889660	False	0.133
3	212	1	15863.507	15.863507	False	0.464
3	212	2	18325.071	18.325071	False	0.55
3	212	3	12134.311	12.134311	False	0.449
3	212	4	15056.796	15.056796	False	0.447
3	212	5	3200.926	3.200926	False	0.447
3	212	6	25548.131	25.548131	False	0.495
3	212	7	18892.058	18.892058	False	0.387
3	213	1	18058.728	18.058728	False	0.47
3	213	2	14794.846	14.794846	False	0.433
3	213	3	11510.584	11.510584	False	0.133
3	213	4	18583.886	18.583886	False	0.454
3	213	5	13772.812	13.772812	False	0.133
3	213	6	19919.621	19.919621	False	0.425
3	214	1	12404.119	12.404119	False	0.133
3	214	2	21212.041	21.212041	False	0.413
3	214	3	2786.862	2.786862	False	0.133
3	214	4	11110.143	11.110143	False	0.133
3	214	5	14111.038	14.111038	False	0.385
3	214	6	12093.595	12.093595	False	0.133
3	214	7	26580.269	26.580269	True	0.798
3	215	1	3954.753	3.954753	False	0.133
3	215	2	14477.923	14.477923	False	0.439
3	215	3	2641.313	2.641313	False	0.133
3	215	4	2958.369	2.958369	False	0.133
3	215	5	2636.977	2.636977	False	0.133
3	215	6	22619.892	22.619892	False	0.431
3	215	7	11696.748	11.696748	False	0.133
3	216	1	11339.081	11.339081	False	0.499
3	216	2	21968.515	21.968515	False	0.443
3	216	3	11983.538	11.983538	False	0.133
3	216	4	13715.071	13.715071	False	0.395
3	216	5	2403.842	2.403842	False	0.133
3	216	6	8343.275	8.343275	False	0.404
3	217	1	6552.313	6.552313	False	0.436
3	217	2	11089.424	11.089424	False	0.133
3	217	3	17256.920	17.256920	False	0.422
3	217	4	2963.480	2.963480	False	0.436
3	217	5	2409.468	2.409468	False	0.436
3	217	6	2244.759	2.244759	False	0.436
3	218	1	15308.420	15.308420	False	0.413
3	218	2	18483.497	18.483497	False	0.438
3	218	3	2479.879	2.479879	False	0.438
3	218	4	2151.635	2.151635	False	0.438
3	218	5	13175.932	13.175932	False	0.133
3	218	6	20649.436	20.649436	False	0.397
3	218	7	2122.551	2.122551	False	0.438
3	219	1	13881.362	13.881362	False	0.133
3	219	2	19194.266	19.194266	False	0.507
3	219	3	16521.291	16.521291	False	0.418
3	219	4	22701.180	22.701180	False	0.402
3	219	5	13722.564	13.722564	False	0.133
3	219	6	14538.075	14.538075	False	0.133
3	219	7	18372.668	18.372668	False	0.47
3	220	1	12829.425	12.829425	False	0.133
3	220	2	18609.568	18.609568	False	0.412
3	220	3	21422.972	21.422972	False	0.425
3	220	4	16919.054	16.919054	False	0.381
3	220	5	14887.072	14.887072	False	0.426
3	220	6	17559.803	17.559803	False	0.433
3	220	7	7835.725	7.835725	False	0.499
3	220	8	19062.118	19.062118	False	0.441
3	220	9	23012.811	23.012811	False	0.473
3	220	10	14161.947	14.161947	False	0.133
3	220	11	22057.749	22.057749	False	0.495
3	220	12	4260.952	4.260952	False	0.133
3	221	1	33541.816	33.541816	False	0.481
3	221	2	6613.433	6.613433	False	0.133
3	221	3	2506.125	2.506125	False	0.133
3	221	4	14297.668	14.297668	False	0.435
3	221	5	2325.364	2.325364	False	0.133
3	221	6	12896.795	12.896795	False	0.133
3	222	1	12627.886	12.627886	False	0.404
3	222	2	13558.889	13.558889	False	0.438
3	222	3	10732.567	10.732567	False	0.438
3	222	4	17441.274	17.441274	False	0.432
3	222	5	15086.636	15.086636	False	0.133
3	222	6	10564.592	10.564592	False	0.438
3	222	7	17135.160	17.135160	False	0.435
3	223	1	12059.415	12.059415	False	0.133
3	223	2	2284.281	2.284281	False	0.133
3	223	3	2344.472	2.344472	False	0.133
3	223	4	11971.685	11.971685	False	0.432
3	223	5	1818.948	1.818948	False	0.133
3	223	6	17387.839	17.387839	False	0.392
3	223	7	2767.078	2.767078	False	0.133
3	223	8	11492.861	11.492861	False	0.133
3	223	9	16857.457	16.857457	False	0.443
3	223	10	8775.171	8.775171	False	0.133
3	223	11	17117.619	17.117619	False	0.407
3	223	12	16612.695	16.612695	False	0.441
3	223	13	15510.976	15.510976	False	0.133
3	223	14	4165.509	4.165509	False	0.133
3	224	1	4033.950	4.033950	False	0.133
3	224	2	20483.550	20.483550	False	0.461
3	224	3	12653.506	12.653506	False	0.499
3	224	4	3018.631	3.018631	False	0.133
3	224	5	1767.815	1.767815	False	0.133
3	224	6	9367.519	9.367519	False	0.133
3	224	7	2558.957	2.558957	False	0.133
3	225	1	6662.888	6.662888	False	0.431
3	225	2	12208.191	12.208191	False	0.431
3	225	3	15865.315	15.865315	False	0.381
3	225	4	18712.849	18.712849	False	0.505
3	225	5	22381.689	22.381689	False	0.457
3	225	6	2205.812	2.205812	False	0.431
3	225	7	12214.873	12.214873	False	0.431
3	225	8	2288.246	2.288246	False	0.431
3	225	9	10381.694	10.381694	False	0.431
3	226	1	19208.545	19.208545	False	0.438
3	226	2	12699.596	12.699596	False	0.431
3	226	3	16083.044	16.083044	False	0.437
3	226	4	2579.189	2.579189	False	0.438
3	226	5	1731.804	1.731804	False	0.438
3	226	6	11447.063	11.447063	False	0.434
3	227	1	15954.059	15.954059	False	0.435
3	227	2	15293.836	15.293836	False	0.388
3	227	3	2053.030	2.053030	False	0.435
3	227	4	14784.254	14.784254	False	0.421
3	227	5	11335.398	11.335398	False	0.435
3	227	6	2297.132	2.297132	False	0.435
3	228	1	17682.244	17.682244	False	0.41
3	228	2	4097.230	4.097230	False	0.133
3	228	3	23996.437	23.996437	False	0.501
3	228	4	15694.355	15.694355	False	0.424
3	228	5	2361.161	2.361161	False	0.133
3	228	6	23121.088	23.121088	False	0.456
3	228	7	10309.152	10.309152	False	0.434
3	228	8	13690.066	13.690066	False	0.408
3	229	1	11069.586	11.069586	False	0.404
3	229	2	3619.614	3.619614	False	0.133
3	229	3	14008.786	14.008786	False	0.557
3	229	4	3088.810	3.088810	False	0.133
3	229	5	16711.403	16.711403	False	0.427
3	229	6	12847.890	12.847890	False	0.133
3	229	7	17969.682	17.969682	False	0.44
3	229	8	19580.575	19.580575	False	0.407
3	230	1	19355.223	19.355223	False	0.434
3	230	2	4807.322	4.807322	False	0.133
3	230	3	14812.188	14.812188	False	0.488
3	230	4	15419.761	15.419761	False	0.133
3	230	5	18870.230	18.870230	False	0.398
3	230	6	15859.771	15.859771	False	0.419
3	230	7	8888.437	8.888437	False	0.133
3	230	8	3683.758	3.683758	False	0.133
3	231	1	15510.880	15.510880	False	0.444
3	231	2	10495.156	10.495156	False	0.444
3	231	3	2792.640	2.792640	False	0.444
3	231	4	2283.644	2.283644	False	0.444
3	231	5	2042.806	2.042806	False	0.444
3	231	6	17807.563	17.807563	False	0.435
3	232	1	16957.821	16.957821	False	0.419
3	232	2	17002.311	17.002311	False	0.444
3	232	3	2376.517	2.376517	False	0.444
3	232	4	14582.955	14.582955	False	0.133
3	232	5	13198.492	13.198492	False	0.444
3	232	6	2761.664	2.761664	False	0.444
3	232	7	11632.575	11.632575	False	0.133
3	233	1	5999.534	5.999534	False	0.437
3	233	2	18805.972	18.805972	False	0.432
3	233	3	1895.703	1.895703	False	0.437
3	233	4	18320.178	18.320178	False	0.418
3	233	5	2889.407	2.889407	False	0.437
3	233	6	2242.739	2.242739	False	0.437
3	234	1	13103.674	13.103674	False	0.133
3	234	2	18287.719	18.287719	False	0.446
3	234	3	12567.873	12.567873	False	0.133
3	234	4	11356.961	11.356961	True	0.748
3	235	1	13233.023	13.233023	False	0.45
3	235	2	16366.692	16.366692	False	0.411
3	235	3	20451.114	20.451114	False	0.456
3	235	4	12966.247	12.966247	False	0.133
3	235	5	1729.713	1.729713	False	0.133
3	235	6	11727.719	11.727719	False	0.133
3	236	1	16997.754	16.997754	False	0.133
3	236	2	17915.853	17.915853	False	0.434
3	236	3	2405.436	2.405436	False	0.133
3	236	4	2248.575	2.248575	False	0.133
3	236	5	11701.246	11.701246	False	0.133
3	236	6	2084.666	2.084666	False	0.133
3	237	1	23161.028	23.161028	False	0.446
3	237	2	22514.110	22.514110	False	0.543
3	237	3	3622.360	3.622360	False	0.133
3	237	4	10155.702	10.155702	False	0.133
3	237	5	9897.755	9.897755	False	0.404
3	237	6	3196.042	3.196042	False	0.133
3	237	7	14252.112	14.252112	False	0.431
3	238	1	8479.453	8.479453	False	0.434
3	238	2	2578.090	2.578090	False	0.434
3	238	3	9521.647	9.521647	False	0.434
3	238	4	17183.771	17.183771	False	0.403
3	238	5	22919.069	22.919069	False	0.407
3	238	6	13286.214	13.286214	False	0.434
3	239	1	4976.274	4.976274	False	0.133
3	239	2	19380.612	19.380612	False	0.478
3	239	3	18482.588	18.482588	False	0.397
3	239	4	2683.295	2.683295	False	0.133
3	239	5	18260.610	18.260610	False	0.493
3	239	6	9730.164	9.730164	False	0.133
3	239	7	27791.289	27.791289	False	0.428
3	239	8	12010.192	12.010192	False	0.431
3	239	9	21008.018	21.008018	False	0.417
3	239	10	15936.777	15.936777	False	0.133
3	240	1	7381.104	7.381104	False	0.432
3	240	2	1810.820	1.810820	False	0.432
3	240	3	21450.035	21.450035	False	0.435
3	240	4	2686.174	2.686174	False	0.432
3	240	5	15239.288	15.239288	False	0.379
3	240	6	2092.105	2.092105	False	0.432
3	241	1	14863.678	14.863678	False	0.423
3	241	2	4127.433	4.127433	False	0.133
3	241	3	1956.454	1.956454	False	0.133
3	241	4	18975.712	18.975712	False	0.45
3	241	5	15468.429	15.468429	False	0.133
3	241	6	3240.675	3.240675	False	0.133
3	241	7	11681.899	11.681899	False	0.434
3	241	8	14874.908	14.874908	False	0.439
3	241	9	2684.063	2.684063	False	0.133
3	242	1	7577.140	7.577140	False	0.431
3	242	2	8810.109	8.810109	False	0.431
3	242	3	2610.489	2.610489	False	0.431
3	242	4	14565.035	14.565035	False	0.133
3	242	5	2566.746	2.566746	False	0.431
3	242	6	17626.509	17.626509	False	0.133
3	243	1	17456.603	17.456603	False	0.445
3	243	2	4084.643	4.084643	False	0.133
3	243	3	11498.145	11.498145	False	0.133
3	243	4	21785.605	21.785605	False	0.448
3	243	5	10734.236	10.734236	False	0.133
3	243	6	17458.265	17.458265	False	0.415
3	244	1	10752.522	10.752522	False	0.358
3	244	2	15157.499	15.157499	False	0.133
3	244	3	16413.932	16.413932	False	0.133
3	244	4	10712.988	10.712988	False	0.133
3	244	5	20223.144	20.223144	False	0.133
3	245	1	16383.061	16.383061	False	0.44
3	245	2	20523.926	20.523926	False	0.354
3	245	3	15180.595	15.180595	False	0.133
3	245	4	14068.760	14.068760	False	0.491
3	245	5	11528.851	11.528851	False	0.44
3	245	6	17754.251	17.754251	False	0.374
3	245	7	10570.235	10.570235	False	0.44
3	245	8	15321.980	15.321980	False	0.418
3	245	9	3030.442	3.030442	False	0.44
3	246	1	13301.811	13.301811	False	0.133
3	246	2	9114.578	9.114578	False	0.404
3	246	3	12171.422	12.171422	False	0.133
3	246	4	18288.212	18.288212	False	0.467
3	246	5	14979.579	14.979579	False	0.133
3	246	6	17377.555	17.377555	False	0.446
3	246	7	9917.827	9.917827	False	0.404
3	246	8	4159.869	4.159869	False	0.133
3	246	9	14991.282	14.991282	False	0.412
3	247	1	15988.425	15.988425	False	0.371
3	247	2	8134.891	8.134891	False	0.438
3	247	3	19925.985	19.925985	False	0.44
3	247	4	14008.083	14.008083	False	0.133
3	247	5	19526.566	19.526566	False	0.464
3	247	6	1958.005	1.958005	False	0.438
3	247	7	2525.251	2.525251	False	0.438
3	247	8	14226.438	14.226438	False	0.371
3	247	9	19036.369	19.036369	False	0.512
3	247	10	13914.960	13.914960	False	0.432
3	247	11	12415.790	12.415790	False	0.438
3	247	12	10637.916	10.637916	False	0.438
3	247	13	13049.859	13.049859	False	0.133
3	247	14	17765.526	17.765526	False	0.404
3	248	1	14986.340	14.986340	False	0.133
3	248	2	17796.093	17.796093	False	0.386
3	248	3	14755.620	14.755620	False	0.44
3	248	4	12289.082	12.289082	False	0.44
3	248	5	18873.592	18.873592	False	0.448
3	248	6	18253.322	18.253322	False	0.346
3	248	7	12866.668	12.866668	False	0.415
3	248	8	14449.664	14.449664	False	0.378
3	249	1	7667.873	7.667873	False	0.429
3	249	2	2602.716	2.602716	False	0.429
3	249	3	12518.814	12.518814	False	0.432
3	249	4	2119.936	2.119936	False	0.429
3	249	5	20138.311	20.138311	False	0.444
3	249	6	1727.432	1.727432	False	0.429
3	249	7	10846.490	10.846490	False	0.429
3	249	8	13252.926	13.252926	False	0.429
3	249	9	20774.360	20.774360	False	0.435
3	249	10	2838.636	2.838636	False	0.429
3	250	1	22513.073	22.513073	True	0.803
3	251	1	10426.069	10.426069	False	0.422
3	251	2	14909.539	14.909539	False	0.438
3	251	3	16014.435	16.014435	False	0.423
3	251	4	14740.688	14.740688	False	0.133
3	251	5	4543.274	4.543274	False	0.422
3	251	6	14491.543	14.491543	False	0.419
3	251	7	17622.532	17.622532	False	0.475
3	251	8	19585.146	19.585146	False	0.436
3	251	9	21325.519	21.325519	False	0.426
3	251	10	9507.841	9.507841	False	0.432
3	251	11	11829.003	11.829003	False	0.133
3	251	12	15673.218	15.673218	False	0.419
3	252	1	16269.458	16.269458	False	0.475
3	252	2	8814.020	8.814020	False	0.427
3	252	3	18504.609	18.504609	False	0.441
3	252	4	2446.130	2.446130	False	0.427
3	252	5	18401.945	18.401945	False	0.43
3	252	6	14700.854	14.700854	False	0.46
3	253	1	22644.054	22.644054	False	0.364
3	253	2	7136.696	7.136696	False	0.416
3	253	3	2765.560	2.765560	False	0.416
3	253	4	2291.172	2.291172	False	0.416
3	253	5	17088.979	17.088979	False	0.434
3	253	6	2608.096	2.608096	False	0.416
3	253	7	15971.728	15.971728	False	0.465
3	253	8	23662.768	23.662768	False	0.447
3	253	9	16118.550	16.118550	False	0.383
3	253	10	3365.758	3.365758	False	0.416
3	253	11	15236.575	15.236575	False	0.133
3	253	12	8101.498	8.101498	False	0.499
3	253	13	21056.343	21.056343	False	0.432
3	253	14	16404.636	16.404636	False	0.133
3	253	15	14268.135	14.268135	False	0.416
3	253	16	20374.303	20.374303	False	0.526
3	253	17	17288.890	17.288890	False	0.452
3	253	18	2325.898	2.325898	False	0.416
3	253	19	2325.237	2.325237	False	0.416
3	253	20	12623.388	12.623388	False	0.133
3	253	21	34054.110	34.054110	False	0.451
3	254	1	8541.957	8.541957	False	0.415
3	254	2	14669.164	14.669164	False	0.446
3	254	3	10800.768	10.800768	False	0.432
3	254	4	2603.815	2.603815	False	0.415
3	254	5	2246.188	2.246188	False	0.415
3	254	6	2873.706	2.873706	False	0.415
3	254	7	11778.211	11.778211	False	0.415
3	255	1	7176.288	7.176288	False	0.425
3	255	2	10978.820	10.978820	False	0.133
3	255	3	19901.477	19.901477	False	0.484
3	255	4	24616.691	24.616691	False	0.425
3	255	5	18744.735	18.744735	False	0.39
3	255	6	2485.047	2.485047	False	0.425
3	255	7	17527.329	17.527329	False	0.446
3	255	8	11615.273	11.615273	False	0.425
3	256	1	22451.980	22.451980	False	0.441
3	256	2	14031.011	14.031011	False	0.394
3	256	3	28983.455	28.983455	False	0.45
3	256	4	19283.520	19.283520	False	0.444
3	256	5	9123.926	9.123926	False	0.431
3	256	6	20355.117	20.355117	False	0.434
3	257	1	8298.060	8.298060	False	0.43
3	257	2	26444.531	26.444531	False	0.434
3	257	3	17566.470	17.566470	False	0.408
3	257	4	2285.440	2.285440	False	0.43
3	257	5	3324.858	3.324858	False	0.43
3	257	6	2604.065	2.604065	False	0.43
3	258	1	11655.550	11.655550	False	0.432
3	258	2	8046.483	8.046483	False	0.433
3	258	3	1967.031	1.967031	False	0.433
3	258	4	1811.807	1.811807	False	0.433
3	258	5	19981.138	19.981138	False	0.414
3	258	6	26326.275	26.326275	False	0.45
3	258	7	18866.002	18.866002	False	0.396
3	258	8	11453.717	11.453717	False	0.426
3	258	9	23662.333	23.662333	True	0.805
3	259	1	7752.477	7.752477	False	0.433
3	259	2	17381.298	17.381298	False	0.411
3	259	3	2257.460	2.257460	False	0.433
3	259	4	15309.693	15.309693	False	0.433
3	259	5	21612.111	21.612111	False	0.386
3	259	6	15911.464	15.911464	False	0.424
3	260	1	12597.989	12.597989	False	0.133
3	260	2	3911.098	3.911098	False	0.133
3	260	3	18038.237	18.038237	False	0.419
3	260	4	20034.868	20.034868	False	0.398
3	260	5	5760.961	5.760961	False	0.133
3	260	6	16659.187	16.659187	False	0.423
3	260	7	2473.847	2.473847	False	0.133
3	260	8	3592.750	3.592750	False	0.133
3	261	1	15184.160	15.184160	False	0.422
3	261	2	13734.553	13.734553	False	0.133
3	261	3	16658.642	16.658642	False	0.454
3	261	4	19266.857	19.266857	False	0.406
3	261	5	17222.251	17.222251	False	0.425
3	261	6	19846.212	19.846212	False	0.376
3	261	7	18246.986	18.246986	False	0.441
3	261	8	16506.583	16.506583	False	0.438
3	262	1	14433.188	14.433188	False	0.434
3	262	2	9652.039	9.652039	False	0.404
3	262	3	7163.232	7.163232	False	0.435
3	262	4	2983.882	2.983882	False	0.435
3	262	5	17362.496	17.362496	False	0.436
3	262	6	21647.171	21.647171	False	0.424
3	263	1	11202.285	11.202285	False	0.133
3	263	2	18168.434	18.168434	False	0.454
3	263	3	8901.943	8.901943	False	0.426
3	263	4	23173.754	23.173754	False	0.435
3	263	5	3024.100	3.024100	False	0.426
3	263	6	11161.806	11.161806	False	0.133
3	263	7	19270.493	19.270493	False	0.45
3	264	1	11762.418	11.762418	False	0.133
3	264	2	10620.546	10.620546	False	0.404
3	264	3	14519.682	14.519682	False	0.469
3	264	4	19320.251	19.320251	False	0.41
3	264	5	17645.813	17.645813	False	0.406
3	264	6	16723.516	16.723516	False	0.423
3	264	7	1884.801	1.884801	False	0.423
3	264	8	2119.228	2.119228	False	0.423
3	265	1	17690.835	17.690835	False	0.494
3	265	2	13876.558	13.876558	False	0.408
3	265	3	15977.956	15.977956	False	0.409
3	265	4	9802.700	9.802700	False	0.431
3	265	5	18648.688	18.648688	False	0.383
3	265	6	2504.771	2.504771	False	0.431
3	266	1	7210.534	7.210534	False	0.429
3	266	2	19853.157	19.853157	False	0.436
3	266	3	19201.830	19.201830	False	0.466
3	266	4	2104.737	2.104737	False	0.429
3	266	5	13380.613	13.380613	False	0.382
3	266	6	11111.002	11.111002	False	0.399
3	266	7	20446.521	20.446521	False	0.46
3	266	8	2344.682	2.344682	False	0.429
3	267	1	15193.761	15.193761	False	0.434
3	267	2	9010.524	9.010524	False	0.427
3	267	3	17492.882	17.492882	False	0.42
3	267	4	11310.578	11.310578	False	0.404
3	267	5	5559.264	5.559264	False	0.427
3	267	6	14378.590	14.378590	False	0.133
3	268	1	8279.295	8.279295	False	0.422
3	268	2	12661.189	12.661189	False	0.422
3	268	3	19540.583	19.540583	False	0.436
3	268	4	17103.337	17.103337	False	0.425
3	268	5	17279.376	17.279376	False	0.43
3	268	6	32042.236	32.042236	False	0.533
3	268	7	18236.755	18.236755	False	0.428
3	268	8	17966.218	17.966218	False	0.459
3	268	9	10855.380	10.855380	False	0.404
3	268	10	16440.966	16.440966	False	0.457
3	268	11	2459.607	2.459607	False	0.422
3	269	1	22239.617	22.239617	False	0.427
3	269	2	16769.383	16.769383	False	0.442
3	269	3	14206.115	14.206115	False	0.133
3	269	4	11577.239	11.577239	False	0.416
3	269	5	20226.267	20.226267	False	0.412
3	269	6	15437.721	15.437721	False	0.485
3	269	7	29883.599	29.883599	False	0.426
3	269	8	7812.899	7.812899	False	0.499
3	269	9	11094.025	11.094025	False	0.416
3	269	10	2617.535	2.617535	False	0.416
3	269	11	2618.495	2.618495	False	0.416
3	269	12	14406.359	14.406359	False	0.465
3	269	13	13195.871	13.195871	False	0.404
3	270	1	13126.029	13.126029	False	0.455
3	270	2	16644.545	16.644545	False	0.362
3	270	3	7182.650	7.182650	False	0.416
3	270	4	10803.134	10.803134	False	0.416
3	270	5	21860.030	21.860030	False	0.425
3	270	6	15111.007	15.111007	False	0.43
3	271	1	7852.396	7.852396	False	0.418
3	271	2	17504.330	17.504330	False	0.425
3	271	3	20140.602	20.140602	False	0.409
3	271	4	3035.435	3.035435	False	0.418
3	271	5	19352.218	19.352218	False	0.44
3	271	6	21636.529	21.636529	False	0.497
3	271	7	12656.224	12.656224	False	0.418
3	271	8	19991.150	19.991150	False	0.423
3	271	9	4715.029	4.715029	False	0.418
3	271	10	3039.410	3.039410	False	0.418
3	271	11	3197.048	3.197048	False	0.418
3	272	1	12055.388	12.055388	False	0.133
3	272	2	17232.811	17.232811	False	0.441
3	272	3	15363.306	15.363306	False	0.462
3	272	4	20401.643	20.401643	False	0.419
3	272	5	15783.587	15.783587	False	0.451
3	272	6	18588.424	18.588424	False	0.466
3	272	7	19293.154	19.293154	False	0.431
3	272	8	2312.053	2.312053	False	0.419
3	273	1	22860.409	22.860409	False	0.374
3	273	2	7315.382	7.315382	False	0.422
3	273	3	17611.262	17.611262	False	0.413
3	273	4	17634.773	17.634773	False	0.364
3	273	5	18410.171	18.410171	False	0.453
3	273	6	20397.426	20.397426	False	0.381
3	273	7	19038.911	19.038911	False	0.41
3	273	8	19471.545	19.471545	False	0.358
3	273	9	11481.880	11.481880	False	0.422
3	273	10	11011.586	11.011586	False	0.422
3	274	1	18184.480	18.184480	False	0.426
3	274	2	7220.252	7.220252	False	0.426
3	274	3	15958.186	15.958186	False	0.509
3	274	4	2120.637	2.120637	False	0.426
3	274	5	3388.971	3.388971	False	0.426
3	274	6	15266.210	15.266210	False	0.456
3	274	7	2670.561	2.670561	False	0.426
3	274	8	17295.483	17.295483	False	0.395
3	275	1	7937.019	7.937019	False	0.451
3	275	2	18605.651	18.605651	False	0.458
3	275	3	5262.721	5.262721	False	0.451
3	275	4	13394.070	13.394070	False	0.133
3	275	5	2269.749	2.269749	False	0.451
3	275	6	14327.799	14.327799	False	0.494
3	275	7	3487.138	3.487138	False	0.451
3	275	8	13503.796	13.503796	False	0.451
3	275	9	9119.143	9.119143	False	0.404
3	275	10	11939.550	11.939550	False	0.133
3	275	11	14634.064	14.634064	False	0.49
3	276	1	11117.545	11.117545	False	0.494
3	276	2	13925.187	13.925187	False	0.133
3	276	3	8853.207	8.853207	False	0.441
3	276	4	2676.360	2.676360	False	0.441
3	276	5	2272.420	2.272420	False	0.441
3	276	6	2617.873	2.617873	False	0.441
3	277	1	15760.197	15.760197	False	0.417
3	277	2	17341.670	17.341670	False	0.433
3	277	3	14427.075	14.427075	False	0.47
3	277	4	16480.751	16.480751	False	0.464
3	277	5	7963.404	7.963404	False	0.433
3	277	6	13741.082	13.741082	False	0.433
3	277	7	13340.686	13.340686	False	0.404
3	277	8	13186.613	13.186613	False	0.489
3	277	9	14624.298	14.624298	False	0.133
3	277	10	9809.582	9.809582	False	0.433
3	277	11	18673.773	18.673773	False	0.413
3	277	12	2107.458	2.107458	False	0.433
3	277	13	16781.424	16.781424	False	0.435
3	278	1	12000.761	12.000761	False	0.404
3	278	2	19003.980	19.003980	False	0.461
3	278	3	12640.735	12.640735	False	0.429
3	278	4	1755.814	1.755814	False	0.429
3	278	5	17010.846	17.010846	False	0.408
3	278	6	12843.097	12.843097	False	0.429
3	278	7	2046.994	2.046994	False	0.429
3	279	1	15962.637	15.962637	False	0.468
3	279	2	18977.529	18.977529	False	0.428
3	279	3	7455.099	7.455099	False	0.428
3	279	4	15290.894	15.290894	False	0.418
3	279	5	10014.440	10.014440	False	0.404
3	279	6	3786.173	3.786173	False	0.428
3	280	1	19441.780	19.441780	False	0.535
3	280	2	7239.083	7.239083	False	0.42
3	280	3	13013.818	13.013818	False	0.133
3	280	4	10771.441	10.771441	False	0.391
3	280	5	14925.202	14.925202	False	0.415
3	280	6	1762.997	1.762997	False	0.42
3	281	1	9731.740	9.731740	False	0.133
3	281	2	12597.431	12.597431	False	0.133
3	281	3	14827.633	14.827633	False	0.42
3	281	4	8345.425	8.345425	False	0.432
3	281	5	20148.571	20.148571	False	0.409
3	281	6	9367.777	9.367777	False	0.434
3	281	7	17992.694	17.992694	False	0.403
3	281	8	7419.378	7.419378	False	0.434
3	281	9	22098.894	22.098894	False	0.434
3	282	1	15890.222	15.890222	False	0.445
3	282	2	20662.785	20.662785	False	0.353
3	282	3	6806.085	6.806085	False	0.413
3	282	4	16595.345	16.595345	False	0.418
3	282	5	10436.695	10.436695	False	0.413
3	282	6	19862.714	19.862714	False	0.438
3	283	1	8804.798	8.804798	False	0.433
3	283	2	16925.758	16.925758	False	0.427
3	283	3	2329.503	2.329503	False	0.433
3	283	4	2355.658	2.355658	False	0.433
3	283	5	18899.975	18.899975	False	0.432
3	283	6	2503.676	2.503676	False	0.433
3	284	1	16914.618	16.914618	False	0.423
3	284	2	8218.633	8.218633	False	0.439
3	284	3	16424.787	16.424787	False	0.418
3	284	4	6627.772	6.627772	False	0.439
3	284	5	2626.092	2.626092	False	0.439
3	284	6	11912.403	11.912403	False	0.439
3	284	7	3669.797	3.669797	False	0.439
3	285	1	20489.017	20.489017	True	0.807
3	286	1	19006.886	19.006886	False	0.43
3	286	2	18174.955	18.174955	False	0.432
3	286	3	19240.922	19.240922	False	0.457
3	286	4	2305.450	2.305450	False	0.43
3	286	5	19066.477	19.066477	False	0.447
3	286	6	13341.512	13.341512	False	0.133
3	286	7	22023.188	22.023188	False	0.464
3	286	8	2741.711	2.741711	False	0.43
3	287	1	9393.558	9.393558	False	0.446
3	287	2	21371.823	21.371823	False	0.422
3	287	3	2664.135	2.664135	False	0.446
3	287	4	3942.850	3.942850	False	0.446
3	287	5	16526.625	16.526625	False	0.445
3	287	6	20743.930	20.743930	False	0.384
3	288	1	7503.357	7.503357	False	0.441
3	288	2	20917.686	20.917686	False	0.464
3	288	3	14618.472	14.618472	False	0.416
3	288	4	6948.614	6.948614	False	0.404
3	288	5	20247.581	20.247581	False	0.481
3	288	6	2163.400	2.163400	False	0.441
3	288	7	20224.947	20.224947	False	0.476
3	288	8	2364.254	2.364254	False	0.441
3	288	9	22364.892	22.364892	False	0.386
3	288	10	13632.367	13.632367	False	0.441
3	289	1	3098.991	3.098991	False	0.133
3	289	2	18475.109	18.475109	False	0.514
3	289	3	12726.089	12.726089	True	0.798
3	290	1	7773.644	7.773644	False	0.436
3	290	2	18146.348	18.146348	False	0.442
3	290	3	2423.475	2.423475	False	0.436
3	290	4	2554.128	2.554128	False	0.436
3	290	5	11660.768	11.660768	False	0.404
3	290	6	1945.267	1.945267	False	0.436
3	291	1	24751.253	24.751253	False	0.133
3	291	2	12724.701	12.724701	False	0.379
3	291	3	17305.465	17.305465	False	0.431
3	291	4	14468.911	14.468911	False	0.482
3	291	5	8910.435	8.910435	False	0.436
3	291	6	19561.852	19.561852	False	0.443
3	291	7	2502.544	2.502544	False	0.436
3	291	8	21717.369	21.717369	False	0.462
3	291	9	14918.169	14.918169	False	0.436
3	292	1	20467.803	20.467803	False	0.472
3	292	2	23628.262	23.628262	False	0.459
3	292	3	13729.909	13.729909	False	0.412
3	292	4	6891.319	6.891319	False	0.438
3	292	5	2073.849	2.073849	False	0.438
3	292	6	2552.410	2.552410	False	0.438
3	293	1	19384.681	19.384681	False	0.311
3	293	2	16237.230	16.237230	False	0.435
3	293	3	14831.416	14.831416	False	0.39
3	293	4	27053.831	27.053831	False	0.474
3	293	5	15519.364	15.519364	False	0.133
3	293	6	9483.247	9.483247	False	0.404
3	293	7	3182.191	3.182191	False	0.435
3	293	8	13395.308	13.395308	False	0.436
3	293	9	15727.283	15.727283	False	0.486
3	293	10	16627.220	16.627220	False	0.486
3	293	11	19722.737	19.722737	False	0.468
3	293	12	21350.945	21.350945	False	0.434
3	293	13	15455.417	15.455417	False	0.45
3	293	14	25065.021	25.065021	False	0.439
3	294	1	13635.789	13.635789	False	0.133
3	294	2	21536.348	21.536348	False	0.396
3	294	3	10771.411	10.771411	False	0.404
3	294	4	18753.343	18.753343	False	0.382
3	294	5	11237.166	11.237166	False	0.133
3	294	6	16003.362	16.003362	False	0.429
3	294	7	3021.612	3.021612	False	0.429
3	294	8	15146.357	15.146357	False	0.458
3	294	9	18923.529	18.923529	False	0.437
3	294	10	2699.131	2.699131	False	0.429
3	294	11	2780.542	2.780542	False	0.429
3	294	12	22153.449	22.153449	False	0.464
3	294	13	19819.316	19.819316	False	0.456
3	295	1	21473.467	21.473467	False	0.379
3	295	2	18290.788	18.290788	False	0.41
3	295	3	7481.316	7.481316	False	0.416
3	295	4	16890.339	16.890339	False	0.426
3	295	5	2786.787	2.786787	False	0.416
3	295	6	3036.745	3.036745	False	0.416
3	295	7	17441.955	17.441955	False	0.133
3	295	8	23689.623	23.689623	False	0.442
3	295	9	2631.021	2.631021	False	0.416
3	295	10	2151.540	2.151540	False	0.416
3	295	11	8946.262	8.946262	False	0.416
3	295	12	15664.532	15.664532	False	0.133
3	295	13	15661.183	15.661183	False	0.405
3	296	1	8558.422	8.558422	False	0.426
3	296	2	16140.176	16.140176	False	0.431
3	296	3	2691.097	2.691097	False	0.426
3	296	4	10220.323	10.220323	False	0.426
3	296	5	20799.597	20.799597	False	0.43
3	296	6	2898.061	2.898061	False	0.426
3	297	1	16174.615	16.174615	False	0.43
3	297	2	19191.360	19.191360	False	0.445
3	297	3	18618.348	18.618348	False	0.428
3	297	4	31535.412	31.535412	False	0.47
3	297	5	18639.717	18.639717	False	0.486
3	297	6	19880.093	19.880093	False	0.466
3	297	7	19055.986	19.055986	False	0.421
3	297	8	2502.146	2.502146	False	0.421
3	297	9	11669.840	11.669840	False	0.421
3	297	10	2381.649	2.381649	False	0.421
3	298	1	17616.761	17.616761	False	0.375
3	298	2	7206.005	7.206005	False	0.43
3	298	3	16679.623	16.679623	False	0.369
3	298	4	17557.900	17.557900	False	0.429
3	298	5	2732.605	2.732605	False	0.43
3	298	6	11813.500	11.813500	False	0.43
3	298	7	19006.043	19.006043	False	0.419
3	299	1	12129.785	12.129785	False	0.133
3	299	2	16875.354	16.875354	False	0.516
3	299	3	9531.463	9.531463	False	0.133
3	299	4	8266.972	8.266972	False	0.428
3	299	5	4459.598	4.459598	False	0.428
3	299	6	2830.177	2.830177	False	0.428
3	299	7	21402.321	21.402321	False	0.427
3	300	1	9102.366	9.102366	False	0.475
3	300	2	23770.207	23.770207	False	0.547
3	300	3	15094.555	15.094555	True	0.825
3	301	1	23827.315	23.827315	False	0.133
3	301	2	12367.178	12.367178	False	0.133
3	301	3	14192.901	14.192901	True	0.887
3	302	1	3638.997	3.638997	False	0.133
3	302	2	16720.056	16.720056	False	0.443
3	302	3	14674.623	14.674623	False	0.133
3	302	4	21756.359	21.756359	False	0.481
3	302	5	22126.412	22.126412	False	0.527
3	302	6	2778.655	2.778655	False	0.133
3	302	7	1977.371	1.977371	False	0.133
3	302	8	11290.215	11.290215	False	0.133
3	302	9	3796.293	3.796293	False	0.133
3	303	1	3474.757	3.474757	False	0.133
3	303	2	16370.880	16.370880	True	0.844
3	304	1	19650.055	19.650055	False	0.433
3	304	2	14839.188	14.839188	False	0.133
3	304	3	9596.965	9.596965	False	0.42
3	304	4	38008.594	38.008594	True	0.79
3	305	1	27308.799	27.308799	False	0.426
3	305	2	6590.321	6.590321	False	0.452
3	305	3	30740.822	30.740822	False	0.381
3	305	4	41700.143	41.700143	False	0.431
3	305	5	35688.908	35.688908	False	0.414
3	305	6	20133.541	20.133541	False	0.428
3	305	7	12892.114	12.892114	False	0.452
3	306	1	15299.474	15.299474	False	0.133
3	306	2	24521.754	24.521754	False	0.506
3	306	3	4108.396	4.108396	False	0.133
3	306	4	12557.771	12.557771	False	0.133
3	306	5	2815.483	2.815483	False	0.133
3	306	6	17273.045	17.273045	False	0.133
3	307	1	13251.143	13.251143	False	0.133
3	307	2	14255.578	14.255578	False	0.133
3	307	3	11939.759	11.939759	False	0.133
3	307	4	1219.492	1.219492	False	0.133
3	308	1	36907.664	36.907664	True	0.83
3	309	1	20007.456	20.007456	False	0.427
3	309	2	10225.087	10.225087	False	0.133
3	309	3	13416.699	13.416699	False	0.133
3	309	4	10990.695	10.990695	False	0.133
3	309	5	17921.349	17.921349	False	0.464
3	309	6	14311.262	14.311262	False	0.133
3	309	7	39621.840	39.621840	False	0.459
3	309	8	3959.480	3.959480	False	0.133
3	309	9	17637.798	17.637798	False	0.454
3	309	10	15795.221	15.795221	False	0.476
3	309	11	40651.141	40.651141	False	0.523
3	309	12	27680.075	27.680075	False	0.523
3	309	13	19465.071	19.465071	False	0.527
3	309	14	10207.964	10.207964	False	0.133
3	309	15	2424.722	2.424722	False	0.133
3	309	16	4622.391	4.622391	False	0.133
3	310	1	11108.124	11.108124	False	0.133
3	310	2	19885.361	19.885361	False	0.519
3	310	3	2852.582	2.852582	False	0.133
3	310	4	1958.813	1.958813	False	0.133
3	310	5	16122.022	16.122022	False	0.386
3	310	6	17815.089	17.815089	False	0.133
3	310	7	2268.811	2.268811	False	0.133
3	311	1	13763.397	13.763397	False	0.133
3	311	2	16070.289	16.070289	False	0.133
3	311	3	2037.678	2.037678	False	0.133
3	311	4	7859.117	7.859117	False	0.133
3	312	1	24431.335	24.431335	False	0.443
3	312	2	23273.951	23.273951	True	0.771
3	313	1	3364.583	3.364583	False	0.133
3	313	2	17158.836	17.158836	False	0.133
3	313	3	1644.709	1.644709	False	0.133
3	313	4	4714.765	4.714765	False	0.133
3	314	1	20026.074	20.026074	False	0.396
3	314	2	10085.023	10.085023	False	0.45
3	314	3	20678.508	20.678508	False	0.454
3	314	4	2718.295	2.718295	False	0.45
3	314	5	11085.441	11.085441	False	0.45
3	314	6	10087.966	10.087966	False	0.45
3	314	7	11930.038	11.930038	False	0.45
3	315	1	18630.815	18.630815	False	0.41
3	315	2	16041.612	16.041612	False	0.351
3	315	3	18622.069	18.622069	True	0.657
3	316	1	6647.203	6.647203	False	0.414
3	316	2	3651.069	3.651069	False	0.414
3	316	3	17161.511	17.161511	False	0.133
3	316	4	16686.094	16.686094	False	0.133
3	316	5	17884.553	17.884553	False	0.448
3	316	6	2550.566	2.550566	False	0.414
3	316	7	3109.392	3.109392	False	0.414
3	316	8	11445.961	11.445961	False	0.414
3	316	9	29111.944	29.111944	False	0.521
3	316	10	23880.858	23.880858	False	0.443
3	316	11	19814.837	19.814837	False	0.491
3	316	12	16011.301	16.011301	False	0.365
3	316	13	14487.768	14.487768	False	0.133
3	316	14	10924.324	10.924324	False	0.414
3	317	1	3653.563	3.653563	False	0.133
3	317	2	3080.581	3.080581	False	0.133
3	317	3	13280.718	13.280718	False	0.133
3	317	4	20686.738	20.686738	False	0.367
3	317	5	2520.010	2.520010	False	0.133
3	317	6	2612.511	2.612511	False	0.133
3	317	7	18659.560	18.659560	False	0.371
3	317	8	22122.773	22.122773	False	0.384
3	317	9	10953.597	10.953597	False	0.133
3	317	10	16590.326	16.590326	False	0.133
3	317	11	3752.052	3.752052	False	0.133
3	317	12	11428.479	11.428479	False	0.133
3	318	1	11424.801	11.424801	False	0.133
3	318	2	9890.629	9.890629	False	0.499
3	318	3	6994.719	6.994719	False	0.475
3	318	4	18372.599	18.372599	False	0.469
3	318	5	12776.688	12.776688	False	0.503
3	318	6	27633.456	27.633456	True	0.739
3	319	1	3390.091	3.390091	False	0.133
3	319	2	14577.047	14.577047	False	0.133
3	319	3	20554.332	20.554332	False	0.38
3	319	4	15437.214	15.437214	False	0.411
3	319	5	15360.964	15.360964	False	0.133
3	319	6	15775.774	15.775774	False	0.133
3	319	7	15298.866	15.298866	False	0.133
3	319	8	17755.247	17.755247	False	0.411
3	319	9	19580.149	19.580149	False	0.438
3	319	10	15057.672	15.057672	False	0.133
3	319	11	15825.950	15.825950	False	0.401
3	319	12	21434.618	21.434618	False	0.413
3	319	13	15448.731	15.448731	False	0.133
3	319	14	1752.354	1.752354	False	0.133
3	320	1	15887.192	15.887192	False	0.133
3	320	2	19430.485	19.430485	False	0.441
3	320	3	7382.535	7.382535	False	0.415
3	320	4	2972.313	2.972313	False	0.415
3	320	5	17119.638	17.119638	False	0.398
3	320	6	14685.705	14.685705	False	0.427
3	320	7	21439.136	21.439136	False	0.415
3	321	1	15934.327	15.934327	False	0.346
3	321	2	29913.291	29.913291	False	0.503
3	321	3	12745.140	12.745140	False	0.133
3	321	4	14911.403	14.911403	False	0.133
3	321	5	28102.073	28.102073	True	0.667
3	322	1	8386.499	8.386499	False	0.469
3	322	2	19720.630	19.720630	False	0.449
3	322	3	18204.729	18.204729	False	0.455
3	322	4	20477.879	20.477879	False	0.455
3	322	5	24789.492	24.789492	False	0.324
3	322	6	20669.853	20.669853	False	0.417
3	323	1	16759.298	16.759298	False	0.373
3	323	2	21954.246	21.954246	True	0.697
3	324	1	24125.097	24.125097	False	0.522
3	324	2	20283.546	20.283546	False	0.411
3	324	3	14543.704	14.543704	False	0.133
3	324	4	23612.246	23.612246	True	0.791
3	325	1	8354.090	8.354090	False	0.47
3	325	2	18735.903	18.735903	False	0.47
3	325	3	21027.764	21.027764	False	0.398
3	325	4	21703.345	21.703345	False	0.376
3	325	5	19492.639	19.492639	False	0.421
3	325	6	20396.247	20.396247	False	0.439
3	326	1	6675.274	6.675274	False	0.424
3	326	2	19680.890	19.680890	False	0.462
3	326	3	16175.943	16.175943	True	0.785
3	327	1	3288.716	3.288716	False	0.133
3	327	2	3881.253	3.881253	False	0.133
3	327	3	19031.739	19.031739	False	0.474
3	327	4	19886.259	19.886259	False	0.133
3	327	5	2023.410	2.023410	False	0.133
3	327	6	17563.717	17.563717	False	0.497
3	327	7	16228.545	16.228545	False	0.133
3	327	8	12863.653	12.863653	False	0.133
3	327	9	4022.861	4.022861	False	0.133
3	327	10	2130.569	2.130569	False	0.133
3	328	1	16655.417	16.655417	False	0.392
3	328	2	20745.018	20.745018	False	0.432
3	328	3	14144.677	14.144677	False	0.44
3	328	4	6895.147	6.895147	False	0.415
3	328	5	21762.594	21.762594	False	0.397
3	328	6	14788.765	14.788765	False	0.133
3	328	7	2604.678	2.604678	False	0.415
3	329	1	3734.391	3.734391	False	0.133
3	329	2	11172.218	11.172218	False	0.133
3	329	3	1651.910	1.651910	False	0.133
3	329	4	17569.802	17.569802	False	0.439
3	329	5	20988.623	20.988623	False	0.419
3	329	6	16216.084	16.216084	False	0.428
3	329	7	20715.990	20.715990	False	0.444
3	329	8	16341.905	16.341905	False	0.451
3	329	9	16807.703	16.807703	False	0.409
3	329	10	3004.986	3.004986	False	0.133
3	329	11	18477.256	18.477256	False	0.393
3	329	12	13177.909	13.177909	False	0.133
3	329	13	12919.541	12.919541	False	0.133
3	330	1	3401.858	3.401858	False	0.133
3	330	2	1735.774	1.735774	False	0.133
3	330	3	13561.293	13.561293	True	0.799
3	331	1	23908.871	23.908871	False	0.431
3	331	2	29351.242	29.351242	False	0.487
3	331	3	12167.521	12.167521	False	0.133
3	331	4	1791.547	1.791547	False	0.133
3	331	5	25599.521	25.599521	False	0.504
3	331	6	18818.501	18.818501	False	0.133
3	331	7	15137.673	15.137673	False	0.391
3	331	8	18106.213	18.106213	False	0.133
3	331	9	24173.479	24.173479	False	0.433
3	331	10	26188.129	26.188129	False	0.432
3	332	1	17135.019	17.135019	False	0.525
3	332	2	3575.505	3.575505	False	0.133
3	332	3	14220.871	14.220871	False	0.133
3	332	4	14020.663	14.020663	False	0.432
3	332	5	15792.224	15.792224	False	0.356
3	332	6	18704.352	18.704352	False	0.454
3	333	1	3154.325	3.154325	False	0.133
3	333	2	12625.427	12.625427	False	0.133
3	333	3	3028.358	3.028358	False	0.133
3	333	4	7880.751	7.880751	False	0.133
3	334	1	9803.546	9.803546	False	0.133
3	334	2	10129.990	10.129990	False	0.133
3	334	3	4518.502	4.518502	False	0.133
3	334	4	13007.970	13.007970	False	0.133
3	335	1	16499.539	16.499539	False	0.495
3	335	2	17304.597	17.304597	False	0.133
3	335	3	14368.214	14.368214	False	0.133
3	335	4	14171.709	14.171709	False	0.133
3	335	5	16083.700	16.083700	False	0.133
3	336	1	25111.215	25.111215	False	0.471
3	336	2	17094.440	17.094440	False	0.467
3	336	3	17406.394	17.406394	False	0.425
3	336	4	11053.921	11.053921	False	0.133
3	336	5	7640.359	7.640359	False	0.499
3	336	6	14864.080	14.864080	False	0.133
3	336	7	13675.109	13.675109	False	0.133
3	336	8	16966.850	16.966850	True	0.838
3	337	1	11455.114	11.455114	False	0.133
3	337	2	15789.540	15.789540	False	0.505
3	337	3	23614.181	23.614181	False	0.133
3	337	4	28602.551	28.602551	False	0.133
3	337	5	12452.160	12.452160	False	0.133
3	337	6	16550.842	16.550842	False	0.377
3	337	7	11083.854	11.083854	False	0.133
3	338	1	13778.577	13.778577	False	0.458
3	338	2	18555.462	18.555462	False	0.133
3	338	3	17962.577	17.962577	False	0.386
3	338	4	14228.829	14.228829	False	0.133
3	338	5	17237.667	17.237667	False	0.133
3	338	6	11774.824	11.774824	False	0.133
3	339	1	13551.472	13.551472	False	0.133
3	339	2	3135.279	3.135279	False	0.133
3	339	3	2657.745	2.657745	False	0.133
3	339	4	16276.187	16.276187	False	0.133
3	340	1	11883.928	11.883928	False	0.133
3	340	2	4093.645	4.093645	False	0.133
3	340	3	14407.487	14.407487	False	0.133
3	340	4	18986.072	18.986072	False	0.467
3	340	5	22471.575	22.471575	False	0.49
3	340	6	8097.270	8.097270	False	0.133
3	340	7	17145.986	17.145986	False	0.496
3	340	8	16818.850	16.818850	False	0.431
3	340	9	14909.163	14.909163	False	0.133
3	340	10	1817.555	1.817555	False	0.133
3	341	1	18206.708	18.206708	True	0.814
3	342	1	9037.076	9.037076	False	0.133
3	342	2	11607.605	11.607605	False	0.133
3	342	3	19437.986	19.437986	False	0.486
3	342	4	1748.937	1.748937	False	0.133
3	342	5	25165.094	25.165094	False	0.402
3	342	6	11423.853	11.423853	False	0.133
3	342	7	20944.095	20.944095	False	0.393
3	342	8	2545.256	2.545256	False	0.133
3	343	1	23705.889	23.705889	False	0.133
3	343	2	7501.011	7.501011	False	0.486
3	343	3	14057.632	14.057632	False	0.385
3	343	4	2271.486	2.271486	False	0.486
3	343	5	14192.907	14.192907	False	0.133
3	343	6	10521.266	10.521266	False	0.133
3	343	7	10260.385	10.260385	False	0.133
3	344	1	23805.562	23.805562	False	0.389
3	344	2	17596.039	17.596039	False	0.512
3	344	3	8299.078	8.299078	False	0.492
3	344	4	2509.771	2.509771	False	0.492
3	344	5	13888.794	13.888794	False	0.47
3	344	6	21028.626	21.028626	True	0.821
3	345	1	13618.221	13.618221	False	0.536
3	345	2	12881.120	12.881120	False	0.133
3	345	3	19716.613	19.716613	False	0.133
3	345	4	11480.584	11.480584	False	0.133
3	345	5	2510.773	2.510773	False	0.133
3	346	1	20077.477	20.077477	False	0.47
3	346	2	10147.128	10.147128	False	0.468
3	346	3	9636.983	9.636983	False	0.468
3	346	4	9535.509	9.535509	False	0.468
3	346	5	2416.665	2.416665	False	0.468
3	346	6	17482.974	17.482974	False	0.468
3	347	1	3221.696	3.221696	False	0.133
3	347	2	17338.874	17.338874	False	0.518
3	347	3	17219.629	17.219629	False	0.424
3	347	4	14272.301	14.272301	False	0.56
3	347	5	11335.535	11.335535	False	0.133
3	347	6	2608.335	2.608335	False	0.133
3	347	7	18002.262	18.002262	False	0.483
3	347	8	14092.059	14.092059	False	0.425
3	347	9	17680.396	17.680396	False	0.415
3	348	1	2525.718	2.525718	False	0.133
3	348	2	2215.375	2.215375	False	0.133
3	348	3	19521.577	19.521577	False	0.133
3	348	4	14371.320	14.371320	False	0.133
3	349	1	12059.836	12.059836	False	0.133
3	349	2	13942.209	13.942209	False	0.493
3	349	3	17817.764	17.817764	False	0.451
3	349	4	11433.761	11.433761	False	0.133
3	349	5	8772.682	8.772682	False	0.133
3	349	6	3484.564	3.484564	False	0.133
3	349	7	3242.241	3.242241	False	0.133
3	350	1	2561.928	2.561928	False	0.133
3	350	2	12982.221	12.982221	False	0.465
3	350	3	20420.205	20.420205	False	0.544
3	350	4	15603.690	15.603690	False	0.519
3	350	5	17819.305	17.819305	False	0.133
3	350	6	9696.952	9.696952	False	0.133
3	350	7	18461.191	18.461191	False	0.427
3	350	8	15447.493	15.447493	False	0.399
3	351	1	18013.614	18.013614	False	0.327
3	351	2	21005.222	21.005222	False	0.333
3	351	3	10802.850	10.802850	False	0.133
3	351	4	15243.251	15.243251	False	0.465
3	351	5	14042.246	14.042246	False	0.327
3	351	6	21898.883	21.898883	True	0.688
3	352	1	3333.713	3.333713	True	0.915
3	353	1	12874.880	12.874880	False	0.133
3	353	2	18038.808	18.038808	True	0.854
3	354	1	5315.882	5.315882	False	0.133
3	354	2	21239.541	21.239541	False	0.497
3	354	3	13938.223	13.938223	False	0.501
3	354	4	21530.953	21.530953	False	0.407
3	354	5	2628.033	2.628033	False	0.133
3	354	6	11159.991	11.159991	False	0.133
3	354	7	2923.364	2.923364	False	0.133
3	355	1	12394.069	12.394069	False	0.133
3	355	2	2523.589	2.523589	False	0.133
3	355	3	1728.035	1.728035	False	0.133
3	355	4	16862.619	16.862619	False	0.49
3	355	5	14869.608	14.869608	False	0.133
3	355	6	19949.459	19.949459	False	0.578
3	355	7	11472.774	11.472774	False	0.432
3	355	8	3957.588	3.957588	False	0.133
3	355	9	2450.372	2.450372	False	0.133
3	355	10	2050.188	2.050188	False	0.133
3	355	11	14417.061	14.417061	False	0.133
3	356	1	16226.159	16.226159	False	0.492
3	356	2	14822.609	14.822609	False	0.468
3	356	3	15949.751	15.949751	False	0.425
3	356	4	17206.094	17.206094	False	0.481
3	356	5	7135.701	7.135701	False	0.457
3	356	6	13562.221	13.562221	False	0.388
3	357	1	20156.735	20.156735	False	0.422
3	357	2	29008.794	29.008794	False	0.392
3	357	3	14422.518	14.422518	False	0.471
3	357	4	30141.501	30.141501	False	0.422
3	357	5	14183.482	14.183482	False	0.322
3	357	6	12589.980	12.589980	False	0.533
3	357	7	15452.661	15.452661	False	0.538
3	357	8	15708.927	15.708927	False	0.381
3	357	9	15964.105	15.964105	False	0.394
3	357	10	13587.869	13.587869	False	0.439
3	357	11	22786.098	22.786098	False	0.414
3	358	1	22435.062	22.435062	False	0.364
3	358	2	17420.679	17.420679	False	0.522
3	358	3	12251.636	12.251636	False	0.43
3	358	4	24929.498	24.929498	False	0.436
3	358	5	18497.435	18.497435	False	0.398
3	358	6	19435.042	19.435042	False	0.496
3	358	7	12702.204	12.702204	False	0.341
3	359	1	22321.215	22.321215	False	0.488
3	359	2	9932.525	9.932525	False	0.133
3	359	3	2568.391	2.568391	False	0.133
3	359	4	16175.985	16.175985	False	0.133
3	359	5	12089.637	12.089637	False	0.133
3	360	1	8494.691	8.494691	False	0.418
3	360	2	14617.982	14.617982	False	0.133
3	360	3	21357.169	21.357169	False	0.495
3	360	4	16579.570	16.579570	False	0.424
3	360	5	2131.381	2.131381	False	0.418
3	360	6	28915.142	28.915142	False	0.483
3	360	7	14587.856	14.587856	False	0.469
3	360	8	12660.727	12.660727	False	0.133
3	361	1	17807.585	17.807585	False	0.431
3	361	2	14917.778	14.917778	False	0.133
3	361	3	18010.988	18.010988	True	0.642
3	362	1	9362.472	9.362472	False	0.426
3	362	2	17503.448	17.503448	False	0.362
3	362	3	2342.099	2.342099	False	0.426
3	362	4	2688.003	2.688003	False	0.426
3	362	5	14414.406	14.414406	False	0.539
3	362	6	10358.164	10.358164	False	0.499
3	362	7	2364.829	2.364829	False	0.426
3	362	8	21333.976	21.333976	False	0.357
3	362	9	22202.834	22.202834	False	0.445
3	362	10	2412.934	2.412934	False	0.426
3	363	1	13431.783	13.431783	False	0.133
3	363	2	2338.799	2.338799	False	0.426
3	363	3	9962.533	9.962533	False	0.426
3	363	4	10524.080	10.524080	False	0.499
3	363	5	19702.860	19.702860	False	0.426
3	363	6	18164.252	18.164252	False	0.361
3	363	7	18442.005	18.442005	False	0.499
3	363	8	14543.342	14.543342	False	0.133
3	363	9	15559.525	15.559525	False	0.476
3	364	1	12965.022	12.965022	False	0.133
3	364	2	9522.582	9.522582	False	0.133
3	364	3	1940.642	1.940642	False	0.426
3	364	4	16486.824	16.486824	False	0.472
3	364	5	22060.397	22.060397	False	0.357
3	364	6	15613.550	15.613550	False	0.407
3	364	7	12193.160	12.193160	False	0.479
3	364	8	14678.960	14.678960	False	0.133
3	364	9	9682.174	9.682174	False	0.426
3	365	1	18357.126	18.357126	True	0.765
3	366	1	21145.862	21.145862	False	0.424
3	366	2	8299.910	8.299910	False	0.582
3	366	3	9921.980	9.921980	False	0.133
3	366	4	10564.696	10.564696	False	0.133
3	366	5	3375.981	3.375981	False	0.582
3	366	6	8777.630	8.777630	False	0.432
3	366	7	16584.453	16.584453	False	0.419
3	367	1	2256.608	2.256608	False	0.133
3	367	2	15771.799	15.771799	False	0.133
3	367	3	11685.184	11.685184	False	0.133
3	367	4	17041.479	17.041479	False	0.518
3	367	5	19592.824	19.592824	False	0.483
3	367	6	9678.976	9.678976	False	0.133
3	367	7	12662.109	12.662109	False	0.133
3	367	8	9976.975	9.976975	False	0.133
3	367	9	2439.265	2.439265	False	0.133
3	368	1	11959.685	11.959685	False	0.133
3	368	2	17320.301	17.320301	False	0.598
3	368	3	3402.253	3.402253	False	0.133
3	368	4	11671.649	11.671649	False	0.133
3	368	5	22616.421	22.616421	False	0.502
3	368	6	10326.263	10.326263	False	0.133
3	368	7	10096.985	10.096985	False	0.133
3	369	1	4783.430	4.783430	True	0.926
3	370	1	5551.949	5.551949	False	0.419
3	370	2	39377.667	39.377667	False	0.507
3	370	3	18236.263	18.236263	False	0.443
3	370	4	16663.084	16.663084	False	0.417
3	370	5	11898.985	11.898985	False	0.419
3	370	6	1817.049	1.817049	False	0.419
3	370	7	2535.043	2.535043	False	0.419
3	371	1	9660.941	9.660941	False	0.133
3	371	2	12563.206	12.563206	False	0.133
3	371	3	5005.178	5.005178	False	0.133
3	371	4	9159.478	9.159478	False	0.133
3	372	1	16505.130	16.505130	False	0.409
3	372	2	15080.278	15.080278	False	0.372
3	372	3	2213.020	2.213020	False	0.133
3	372	4	31924.097	31.924097	True	0.804
3	373	1	16475.246	16.475246	False	0.396
3	373	2	22552.046	22.552046	False	0.426
3	373	3	25675.447	25.675447	False	0.468
3	373	4	16461.848	16.461848	False	0.458
3	373	5	20244.386	20.244386	False	0.454
3	373	6	22621.469	22.621469	False	0.443
3	373	7	20384.670	20.384670	False	0.409
3	373	8	23486.974	23.486974	False	0.418
3	374	1	17272.244	17.272244	False	0.467
3	374	2	19834.639	19.834639	False	0.408
3	374	3	19708.511	19.708511	False	0.411
3	374	4	3485.601	3.485601	False	0.133
3	374	5	17593.199	17.593199	False	0.356
3	374	6	27248.428	27.248428	False	0.423
3	375	1	23379.771	23.379771	False	0.402
3	375	2	39169.093	39.169093	False	0.481
3	375	3	11227.905	11.227905	False	0.133
3	375	4	19259.076	19.259076	False	0.4
3	375	5	34441.546	34.441546	False	0.444
3	375	6	25657.504	25.657504	True	0.78
3	376	1	20793.013	20.793013	False	0.425
3	376	2	2776.413	2.776413	False	0.425
3	376	3	21604.928	21.604928	False	0.438
3	376	4	33214.536	33.214536	False	0.425
3	376	5	28064.716	28.064716	True	0.791
3	377	1	1823.833	1.823833	False	0.425
3	377	2	47485.891	47.485891	True	0.747
3	378	1	20675.191	20.675191	False	0.467
3	378	2	8130.990	8.130990	False	0.428
3	378	3	16710.393	16.710393	False	0.432
3	378	4	20191.532	20.191532	False	0.388
3	378	5	17872.586	17.872586	False	0.429
3	378	6	37550.887	37.550887	True	0.756
3	379	1	12442.949	12.442949	True	0.654
3	380	1	14598.425	14.598425	False	0.418
3	380	2	7170.930	7.170930	False	0.337
3	380	3	15152.464	15.152464	False	0.439
3	380	4	15708.638	15.708638	False	0.466
3	380	5	15660.160	15.660160	False	0.36
3	380	6	12223.452	12.223452	False	0.133
3	380	7	12360.987	12.360987	False	0.133
3	380	8	10297.339	10.297339	False	0.337
3	380	9	18415.459	18.415459	False	0.431
3	381	1	18749.173	18.749173	True	0.636
3	382	1	6338.812	6.338812	False	0.348
3	382	2	18076.675	18.076675	False	0.391
3	382	3	10579.905	10.579905	False	0.133
3	382	4	17641.006	17.641006	True	0.697
3	383	1	19492.721	19.492721	False	0.381
3	383	2	15556.819	15.556819	False	0.372
3	383	3	16856.235	16.856235	False	0.424
3	383	4	18285.227	18.285227	False	0.452
3	383	5	16118.822	16.118822	False	0.421
3	383	6	5175.179	5.175179	False	0.355
3	383	7	20676.150	20.676150	False	0.427
3	383	8	4595.739	4.595739	False	0.355
3	383	9	14034.712	14.034712	False	0.372
3	384	1	13107.006	13.107006	True	0.66
3	385	1	14203.277	14.203277	False	0.133
3	385	2	16769.030	16.769030	False	0.523
3	385	3	13228.298	13.228298	False	0.133
3	385	4	13401.759	13.401759	False	0.133
3	385	5	22615.047	22.615047	False	0.588
3	385	6	8009.743	8.009743	False	0.133
3	385	7	18982.529	18.982529	False	0.451
3	385	8	13267.415	13.267415	False	0.133
3	385	9	17234.354	17.234354	False	0.585
3	385	10	11679.537	11.679537	False	0.133
3	386	1	15510.063	15.510063	False	0.465
3	386	2	11499.360	11.499360	False	0.133
3	386	3	1461.674	1.461674	False	0.133
3	386	4	17830.763	17.830763	False	0.464
3	386	5	16518.704	16.518704	False	0.133
3	386	6	16283.167	16.283167	False	0.507
3	386	7	1698.213	1.698213	False	0.133
3	386	8	20218.636	20.218636	False	0.452
3	386	9	17700.212	17.700212	False	0.451
3	386	10	1563.094	1.563094	False	0.133
3	386	11	17023.786	17.023786	False	0.452
3	387	1	15517.083	15.517083	True	0.685
3	388	1	4439.715	4.439715	False	0.133
3	388	2	20264.368	20.264368	False	0.415
3	388	3	16966.572	16.966572	False	0.465
3	388	4	3137.211	3.137211	False	0.133
3	388	5	17774.634	17.774634	False	0.438
3	388	6	3450.941	3.450941	False	0.133
3	388	7	24410.517	24.410517	False	0.445
3	388	8	10385.050	10.385050	False	0.133
3	389	1	5725.110	5.725110	False	0.133
3	389	2	14219.808	14.219808	True	0.781
3	390	1	14193.223	14.193223	True	0.733
3	391	1	16211.599	16.211599	False	0.442
3	391	2	14588.039	14.588039	True	0.731
3	392	1	16781.006	16.781006	False	0.429
3	392	2	15319.559	15.319559	False	0.498
3	392	3	17785.031	17.785031	False	0.442
3	392	4	13775.788	13.775788	False	0.133
3	392	5	13379.783	13.379783	False	0.133
3	392	6	21727.602	21.727602	False	0.133
3	392	7	18299.431	18.299431	False	0.379
3	393	1	16261.700	16.261700	False	0.423
3	393	2	18043.168	18.043168	False	0.43
3	393	3	17707.810	17.707810	True	0.724
3	394	1	4584.909	4.584909	False	0.133
3	394	2	16454.084	16.454084	True	0.789
3	395	1	20819.358	20.819358	False	0.515
3	395	2	15070.022	15.070022	False	0.42
3	395	3	16527.419	16.527419	False	0.442
3	395	4	4947.527	4.947527	False	0.438
3	395	5	27363.928	27.363928	False	0.474
3	395	6	2841.519	2.841519	False	0.438
3	396	1	11332.159	11.332159	False	0.439
3	396	2	38531.770	38.531770	False	0.431
3	396	3	13359.654	13.359654	False	0.394
3	396	4	2807.116	2.807116	False	0.439
3	396	5	12532.301	12.532301	False	0.432
3	396	6	3480.411	3.480411	False	0.439
3	397	1	5285.652	5.285652	False	0.443
3	397	2	16658.145	16.658145	False	0.414
3	397	3	3641.017	3.641017	False	0.443
3	397	4	3171.901	3.171901	False	0.443
3	397	5	8825.541	8.825541	False	0.443
3	397	6	16045.131	16.045131	False	0.46
3	397	7	3794.110	3.794110	False	0.443
3	397	8	1687.280	1.687280	False	0.443
3	397	9	23598.922	23.598922	False	0.473
3	397	10	21479.940	21.479940	False	0.529
3	397	11	8397.441	8.397441	False	0.443
3	397	12	16561.751	16.561751	False	0.403
3	397	13	2118.541	2.118541	False	0.443
3	397	14	19261.613	19.261613	False	0.425
3	397	15	20622.041	20.622041	False	0.43
3	398	1	19174.410	19.174410	False	0.439
3	398	2	21448.733	21.448733	False	0.403
3	398	3	14996.558	14.996558	False	0.396
3	398	4	18511.545	18.511545	False	0.394
3	398	5	16597.019	16.597019	False	0.449
3	398	6	18402.497	18.402497	False	0.431
3	398	7	21395.694	21.395694	False	0.444
3	398	8	22813.517	22.813517	True	0.766
3	399	1	14307.358	14.307358	False	0.48
3	399	2	9391.424	9.391424	False	0.133
3	399	3	10352.246	10.352246	False	0.133
3	399	4	1461.061	1.461061	False	0.133
3	399	5	2017.971	2.017971	False	0.133
4	0	1	14810.661	14.810661	False	0.133
4	0	2	21730.359	21.730359	False	0.412
4	0	3	4676.100	4.676100	False	0.133
4	0	4	2197.414	2.197414	False	0.133
4	0	5	15093.349	15.093349	False	0.133
4	0	6	9751.298	9.751298	False	0.133
4	1	1	16217.995	16.217995	False	0.424
4	1	2	3230.780	3.230780	False	0.133
4	1	3	23097.365	23.097365	False	0.444
4	1	4	9041.336	9.041336	False	0.133
4	1	5	9918.448	9.918448	False	0.499
4	1	6	2001.057	2.001057	False	0.133
4	1	7	28673.745	28.673745	False	0.434
4	1	8	3974.033	3.974033	False	0.133
4	1	9	1865.230	1.865230	False	0.133
4	1	10	10857.546	10.857546	False	0.133
4	2	1	2298.693	2.298693	False	0.133
4	2	2	3007.863	3.007863	False	0.133
4	2	3	18759.924	18.759924	False	0.358
4	2	4	44775.022	44.775022	False	0.522
4	2	5	26233.725	26.233725	False	0.478
4	2	6	20098.809	20.098809	False	0.44
4	2	7	2349.429	2.349429	False	0.133
4	2	8	19646.251	19.646251	False	0.496
4	2	9	41554.619	41.554619	False	0.491
4	3	1	16536.733	16.536733	False	0.428
4	3	2	4484.902	4.484902	False	0.133
4	3	3	9507.117	9.507117	False	0.133
4	3	4	2193.279	2.193279	False	0.133
4	3	5	13097.711	13.097711	False	0.133
4	4	1	3910.888	3.910888	False	0.133
4	4	2	11981.180	11.981180	False	0.133
4	4	3	13567.046	13.567046	False	0.448
4	4	4	2151.195	2.151195	False	0.133
4	4	5	15445.340	15.445340	False	0.451
4	4	6	13913.469	13.913469	False	0.133
4	4	7	15511.540	15.511540	False	0.47
4	4	8	18725.478	18.725478	False	0.482
4	4	9	16064.907	16.064907	False	0.403
4	4	10	14065.599	14.065599	False	0.133
4	4	11	17303.891	17.303891	False	0.133
4	4	12	33931.872	33.931872	False	0.133
4	4	13	8452.926	8.452926	False	0.499
4	4	14	16100.571	16.100571	False	0.133
4	4	15	25874.468	25.874468	False	0.133
4	4	16	2227.841	2.227841	False	0.133
4	4	17	16767.328	16.767328	False	0.57
4	4	18	15396.910	15.396910	False	0.487
4	4	19	15622.875	15.622875	False	0.509
4	4	20	17596.542	17.596542	False	0.472
4	4	21	22664.131	22.664131	False	0.133
4	4	22	2434.158	2.434158	False	0.133
4	5	1	3559.411	3.559411	False	0.133
4	5	2	11183.531	11.183531	False	0.133
4	5	3	24159.319	24.159319	False	0.133
4	5	4	2486.241	2.486241	False	0.133
4	6	1	10327.583	10.327583	False	0.133
4	6	2	25148.888	25.148888	False	0.438
4	6	3	12119.082	12.119082	False	0.438
4	6	4	3531.154	3.531154	False	0.133
4	6	5	25387.933	25.387933	False	0.441
4	6	6	18911.806	18.911806	False	0.133
4	6	7	12771.621	12.771621	False	0.133
4	7	1	23386.825	23.386825	False	0.432
4	7	2	13463.612	13.463612	False	0.453
4	7	3	17247.600	17.247600	False	0.447
4	7	4	3063.190	3.063190	False	0.133
4	7	5	2856.935	2.856935	False	0.133
4	7	6	25127.200	25.127200	False	0.432
4	7	7	15997.391	15.997391	False	0.133
4	8	1	21382.661	21.382661	False	0.411
4	8	2	2715.898	2.715898	False	0.133
4	8	3	18179.988	18.179988	False	0.388
4	8	4	16121.060	16.121060	False	0.424
4	8	5	24841.378	24.841378	False	0.133
4	8	6	14470.611	14.470611	False	0.469
4	8	7	13035.881	13.035881	False	0.133
4	8	8	18479.770	18.479770	False	0.463
4	8	9	14244.792	14.244792	False	0.133
4	8	10	9414.344	9.414344	False	0.133
4	8	11	1681.339	1.681339	False	0.133
4	9	1	18680.422	18.680422	False	0.434
4	9	2	33718.104	33.718104	False	0.499
4	9	3	3245.355	3.245355	False	0.133
4	9	4	15781.944	15.781944	False	0.133
4	9	5	14866.377	14.866377	False	0.133
4	9	6	18216.284	18.216284	False	0.489
4	9	7	2748.712	2.748712	False	0.133
4	10	1	16666.268	16.666268	False	0.501
4	10	2	12097.066	12.097066	False	0.133
4	10	3	23026.612	23.026612	False	0.377
4	10	4	2063.824	2.063824	False	0.133
4	10	5	16397.298	16.397298	False	0.472
4	10	6	16439.314	16.439314	False	0.44
4	11	1	12238.841	12.238841	False	0.133
4	11	2	23209.826	23.209826	True	0.815
4	12	1	3584.211	3.584211	False	0.133
4	12	2	22726.636	22.726636	True	0.876
4	13	1	15868.016	15.868016	False	0.407
4	13	2	18277.021	18.277021	False	0.133
4	13	3	19186.214	19.186214	False	0.395
4	13	4	17422.370	17.422370	False	0.444
4	13	5	21600.514	21.600514	False	0.435
4	13	6	19588.154	19.588154	False	0.421
4	13	7	10013.470	10.013470	False	0.366
4	13	8	18853.604	18.853604	False	0.365
4	13	9	3115.853	3.115853	False	0.366
4	14	1	15250.967	15.250967	False	0.487
4	14	2	13229.891	13.229891	False	0.133
4	14	3	14416.245	14.416245	False	0.133
4	14	4	13499.756	13.499756	False	0.133
4	14	5	20397.550	20.397550	False	0.432
4	14	6	13462.866	13.462866	False	0.133
4	15	1	14428.600	14.428600	False	0.133
4	15	2	15780.163	15.780163	False	0.442
4	15	3	18134.609	18.134609	False	0.367
4	15	4	14561.908	14.561908	False	0.5
4	15	5	2333.874	2.333874	False	0.133
4	15	6	22779.160	22.779160	False	0.442
4	15	7	20250.386	20.250386	False	0.47
4	15	8	14219.057	14.219057	False	0.495
4	15	9	18550.891	18.550891	False	0.133
4	16	1	18212.440	18.212440	False	0.474
4	16	2	16800.688	16.800688	False	0.387
4	16	3	9270.172	9.270172	False	0.133
4	16	4	12308.890	12.308890	False	0.133
4	16	5	13751.149	13.751149	False	0.133
4	16	6	26480.346	26.480346	False	0.453
4	17	1	14095.015	14.095015	False	0.133
4	17	2	13045.210	13.045210	False	0.133
4	17	3	15528.795	15.528795	False	0.133
4	17	4	17610.635	17.610635	False	0.443
4	17	5	21171.983	21.171983	False	0.522
4	17	6	17775.069	17.775069	False	0.431
4	17	7	13174.644	13.174644	False	0.133
4	17	8	17205.069	17.205069	False	0.527
4	17	9	2467.911	2.467911	False	0.133
4	17	10	18161.653	18.161653	False	0.476
4	18	1	19306.419	19.306419	False	0.495
4	18	2	12469.382	12.469382	True	0.737
4	19	1	16757.173	16.757173	False	0.481
4	19	2	17650.067	17.650067	False	0.454
4	19	3	14008.473	14.008473	False	0.133
4	19	4	23153.066	23.153066	False	0.432
4	19	5	4528.239	4.528239	False	0.133
4	19	6	19982.871	19.982871	False	0.435
4	20	1	14869.609	14.869609	False	0.133
4	20	2	21495.894	21.495894	False	0.404
4	20	3	18803.243	18.803243	False	0.413
4	20	4	3001.964	3.001964	False	0.133
4	20	5	19570.808	19.570808	False	0.363
4	20	6	30764.821	30.764821	False	0.413
4	20	7	19675.437	19.675437	False	0.418
4	20	8	7900.675	7.900675	False	0.499
4	20	9	12955.739	12.955739	False	0.133
4	20	10	20167.863	20.167863	False	0.438
4	20	11	2998.778	2.998778	False	0.133
4	20	12	51833.738	51.833738	False	0.491
4	20	13	18757.409	18.757409	False	0.403
4	21	1	26286.333	26.286333	False	0.541
4	21	2	18996.688	18.996688	False	0.414
4	21	3	4368.345	4.368345	False	0.133
4	21	4	10267.814	10.267814	False	0.499
4	21	5	15333.018	15.333018	False	0.397
4	21	6	8038.146	8.038146	False	0.499
4	22	1	11595.734	11.595734	False	0.133
4	22	2	12008.818	12.008818	False	0.133
4	22	3	3235.712	3.235712	False	0.133
4	22	4	12837.338	12.837338	False	0.133
4	23	1	2222.773	2.222773	False	0.133
4	23	2	17358.366	17.358366	False	0.421
4	23	3	2029.596	2.029596	False	0.133
4	23	4	7664.371	7.664371	False	0.499
4	23	5	14639.039	14.639039	False	0.133
4	23	6	11785.373	11.785373	False	0.407
4	23	7	2202.570	2.202570	False	0.133
4	23	8	6512.447	6.512447	False	0.133
4	23	9	19162.705	19.162705	False	0.423
4	24	1	5366.020	5.366020	False	0.133
4	24	2	11169.686	11.169686	False	0.133
4	24	3	2537.575	2.537575	False	0.133
4	24	4	16330.814	16.330814	False	0.133
4	25	1	19164.131	19.164131	False	0.392
4	25	2	21928.438	21.928438	False	0.374
4	25	3	11038.868	11.038868	False	0.367
4	25	4	20669.214	20.669214	False	0.375
4	25	5	19520.148	19.520148	False	0.393
4	25	6	19564.256	19.564256	False	0.352
4	26	1	17132.765	17.132765	False	0.421
4	26	2	18193.444	18.193444	False	0.425
4	26	3	11049.406	11.049406	False	0.133
4	26	4	3663.402	3.663402	False	0.133
4	26	5	2524.558	2.524558	False	0.133
4	26	6	13541.849	13.541849	False	0.133
4	27	1	4043.008	4.043008	False	0.133
4	27	2	12683.421	12.683421	False	0.43
4	27	3	17138.106	17.138106	False	0.461
4	27	4	2728.546	2.728546	False	0.133
4	27	5	14263.273	14.263273	False	0.133
4	27	6	18430.349	18.430349	False	0.386
4	27	7	13208.842	13.208842	False	0.133
4	27	8	19364.994	19.364994	False	0.133
4	28	1	20217.634	20.217634	False	0.394
4	28	2	3438.748	3.438748	False	0.133
4	28	3	2047.347	2.047347	False	0.133
4	28	4	1536.040	1.536040	False	0.133
4	28	5	2971.518	2.971518	False	0.133
4	29	1	17971.260	17.971260	False	0.542
4	29	2	23189.850	23.189850	False	0.522
4	29	3	17245.983	17.245983	False	0.133
4	29	4	7720.016	7.720016	False	0.507
4	29	5	19011.841	19.011841	False	0.502
4	29	6	18829.700	18.829700	False	0.469
4	30	1	42818.670	42.818670	False	0.445
4	30	2	7599.192	7.599192	False	0.407
4	30	3	18430.683	18.430683	False	0.462
4	30	4	15048.114	15.048114	False	0.432
4	30	5	16451.856	16.451856	True	0.712
4	31	1	12801.519	12.801519	False	0.416
4	31	2	19235.404	19.235404	False	0.458
4	31	3	2516.809	2.516809	False	0.416
4	31	4	21725.576	21.725576	False	0.455
4	31	5	2346.875	2.346875	False	0.416
4	31	6	17997.687	17.997687	False	0.424
4	31	7	14841.252	14.841252	False	0.459
4	32	1	10710.310	10.710310	False	0.133
4	32	2	13821.230	13.821230	True	0.808
4	33	1	15407.172	15.407172	False	0.133
4	33	2	18075.350	18.075350	False	0.414
4	33	3	15297.002	15.297002	False	0.431
4	33	4	16243.976	16.243976	False	0.415
4	33	5	16813.599	16.813599	False	0.455
4	33	6	11054.782	11.054782	False	0.133
4	33	7	11947.817	11.947817	False	0.415
4	33	8	8315.427	8.315427	False	0.412
4	33	9	22752.321	22.752321	False	0.418
4	33	10	20349.080	20.349080	False	0.413
4	34	1	20012.329	20.012329	False	0.414
4	34	2	11128.311	11.128311	False	0.427
4	34	3	23356.729	23.356729	False	0.453
4	34	4	19381.635	19.381635	False	0.428
4	34	5	19044.223	19.044223	False	0.43
4	34	6	18268.850	18.268850	False	0.428
4	34	7	22098.452	22.098452	False	0.468
4	34	8	16228.403	16.228403	False	0.427
4	34	9	4984.060	4.984060	False	0.427
4	34	10	19679.360	19.679360	False	0.502
4	34	11	18693.677	18.693677	False	0.471
4	34	12	16230.230	16.230230	False	0.376
4	34	13	17608.260	17.608260	False	0.428
4	34	14	18427.623	18.427623	False	0.377
4	34	15	4774.046	4.774046	False	0.427
4	35	1	20102.514	20.102514	False	0.425
4	35	2	9371.956	9.371956	False	0.434
4	35	3	18924.520	18.924520	False	0.441
4	35	4	13344.233	13.344233	False	0.434
4	35	5	14199.522	14.199522	False	0.133
4	35	6	17300.591	17.300591	False	0.433
4	35	7	14761.153	14.761153	False	0.526
4	35	8	21277.438	21.277438	False	0.443
4	35	9	20623.426	20.623426	False	0.446
4	35	10	10733.829	10.733829	False	0.434
4	35	11	1971.714	1.971714	False	0.434
4	35	12	20994.277	20.994277	False	0.431
4	36	1	17268.341	17.268341	False	0.408
4	36	2	10303.296	10.303296	False	0.421
4	36	3	21666.754	21.666754	False	0.429
4	36	4	1997.354	1.997354	False	0.421
4	36	5	17606.231	17.606231	False	0.412
4	36	6	12136.045	12.136045	False	0.421
4	36	7	21681.632	21.681632	False	0.461
4	36	8	22920.992	22.920992	False	0.421
4	36	9	17970.711	17.970711	False	0.431
4	36	10	31544.930	31.544930	False	0.438
4	36	11	20460.965	20.460965	False	0.431
4	36	12	3107.088	3.107088	False	0.421
4	37	1	17554.656	17.554656	False	0.478
4	37	2	10231.241	10.231241	False	0.421
4	37	3	17107.520	17.107520	False	0.426
4	37	4	21077.825	21.077825	False	0.393
4	37	5	21038.130	21.038130	False	0.461
4	37	6	10969.996	10.969996	False	0.426
4	38	1	18373.920	18.373920	False	0.426
4	38	2	26766.187	26.766187	False	0.437
4	38	3	13478.359	13.478359	False	0.42
4	38	4	18995.040	18.995040	False	0.425
4	38	5	17732.001	17.732001	False	0.403
4	38	6	17524.770	17.524770	False	0.422
4	38	7	8250.717	8.250717	False	0.418
4	39	1	14662.289	14.662289	False	0.448
4	39	2	20508.355	20.508355	False	0.426
4	39	3	21847.455	21.847455	False	0.502
4	39	4	17391.156	17.391156	False	0.382
4	39	5	19746.932	19.746932	False	0.43
4	39	6	27281.852	27.281852	False	0.432
4	39	7	7708.621	7.708621	False	0.429
4	39	8	20579.981	20.579981	False	0.457
4	40	1	8457.784	8.457784	False	0.434
4	40	2	18183.740	18.183740	False	0.436
4	40	3	19589.992	19.589992	False	0.406
4	40	4	18165.189	18.165189	False	0.133
4	40	5	19311.057	19.311057	False	0.423
4	40	6	15548.254	15.548254	False	0.425
4	41	1	7738.672	7.738672	False	0.416
4	41	2	19469.748	19.469748	False	0.418
4	41	3	16662.115	16.662115	False	0.407
4	41	4	21993.580	21.993580	False	0.387
4	41	5	14563.196	14.563196	False	0.427
4	41	6	18622.545	18.622545	False	0.395
4	41	7	16557.057	16.557057	False	0.404
4	41	8	19219.409	19.219409	False	0.412
4	41	9	19177.582	19.177582	False	0.407
4	41	10	6833.354	6.833354	False	0.416
4	42	1	9478.534	9.478534	False	0.133
4	42	2	7518.374	7.518374	False	0.133
4	42	3	11600.930	11.600930	False	0.133
4	42	4	11201.225	11.201225	False	0.133
4	43	1	19993.061	19.993061	False	0.414
4	43	2	18521.447	18.521447	False	0.451
4	43	3	15449.183	15.449183	False	0.133
4	43	4	10742.047	10.742047	False	0.133
4	43	5	14413.344	14.413344	False	0.133
4	43	6	1970.547	1.970547	False	0.133
4	44	1	8450.361	8.450361	False	0.431
4	44	2	22232.998	22.232998	False	0.424
4	44	3	16027.405	16.027405	False	0.424
4	44	4	16827.889	16.827889	False	0.4
4	44	5	18416.464	18.416464	False	0.513
4	44	6	4165.966	4.165966	False	0.431
4	44	7	3427.760	3.427760	False	0.431
4	44	8	10633.138	10.633138	False	0.424
4	44	9	18733.777	18.733777	False	0.362
4	44	10	2293.332	2.293332	False	0.431
4	45	1	4973.875	4.973875	False	0.133
4	45	2	2435.316	2.435316	False	0.133
4	45	3	21756.734	21.756734	False	0.469
4	45	4	14341.101	14.341101	False	0.133
4	45	5	19487.135	19.487135	False	0.459
4	45	6	16103.907	16.103907	False	0.133
4	45	7	2037.060	2.037060	False	0.133
4	45	8	22133.606	22.133606	False	0.415
4	46	1	14781.098	14.781098	False	0.133
4	46	2	17411.585	17.411585	False	0.371
4	46	3	4936.072	4.936072	False	0.133
4	46	4	24491.790	24.491790	False	0.407
4	46	5	20604.583	20.604583	False	0.387
4	46	6	19920.362	19.920362	False	0.405
4	46	7	11887.786	11.887786	False	0.407
4	46	8	19028.061	19.028061	False	0.466
4	46	9	17055.852	17.055852	False	0.425
4	46	10	3849.587	3.849587	False	0.133
4	46	11	17381.560	17.381560	False	0.417
4	46	12	9957.439	9.957439	False	0.407
4	46	13	21474.692	21.474692	False	0.417
4	47	1	23866.556	23.866556	False	0.402
4	47	2	17128.919	17.128919	False	0.421
4	47	3	19656.696	19.656696	False	0.406
4	47	4	15289.670	15.289670	False	0.396
4	47	5	16689.161	16.689161	False	0.401
4	47	6	2960.384	2.960384	False	0.401
4	47	7	2500.584	2.500584	False	0.401
4	48	1	17858.386	17.858386	False	0.509
4	48	2	16728.341	16.728341	False	0.421
4	48	3	20733.623	20.733623	False	0.395
4	48	4	10540.505	10.540505	False	0.416
4	48	5	19416.842	19.416842	False	0.427
4	48	6	18654.405	18.654405	False	0.453
4	49	1	20623.934	20.623934	False	0.359
4	49	2	13104.900	13.104900	False	0.133
4	49	3	17599.004	17.599004	False	0.426
4	49	4	16993.240	16.993240	False	0.133
4	49	5	22158.818	22.158818	False	0.468
4	49	6	5217.327	5.217327	False	0.133
4	49	7	11234.324	11.234324	False	0.133
4	49	8	18199.362	18.199362	False	0.465
4	49	9	2437.472	2.437472	False	0.133
4	49	10	15954.312	15.954312	False	0.133
4	50	1	21428.622	21.428622	False	0.423
4	50	2	5715.708	5.715708	False	0.133
4	50	3	20856.960	20.856960	False	0.133
4	50	4	11110.212	11.110212	False	0.133
4	50	5	2815.591	2.815591	False	0.133
4	51	1	17612.527	17.612527	False	0.423
4	51	2	19933.977	19.933977	False	0.417
4	51	3	18582.079	18.582079	False	0.405
4	51	4	5182.870	5.182870	False	0.133
4	51	5	17075.316	17.075316	False	0.454
4	51	6	3280.851	3.280851	False	0.133
4	51	7	19012.281	19.012281	False	0.413
4	51	8	9895.974	9.895974	False	0.133
4	51	9	18959.179	18.959179	False	0.44
4	51	10	2326.515	2.326515	False	0.133
4	52	1	17484.944	17.484944	False	0.41
4	52	2	20785.725	20.785725	False	0.437
4	52	3	17763.352	17.763352	False	0.41
4	52	4	2201.527	2.201527	False	0.41
4	52	5	19732.295	19.732295	False	0.411
4	52	6	4325.259	4.325259	False	0.41
4	52	7	2798.977	2.798977	False	0.41
4	53	1	19349.531	19.349531	False	0.437
4	53	2	17485.160	17.485160	False	0.44
4	53	3	10181.183	10.181183	False	0.414
4	53	4	20992.635	20.992635	False	0.425
4	53	5	9045.472	9.045472	False	0.414
4	53	6	10875.040	10.875040	False	0.414
4	54	1	14717.222	14.717222	False	0.133
4	54	2	10794.259	10.794259	False	0.417
4	54	3	4290.645	4.290645	False	0.417
4	54	4	23533.518	23.533518	False	0.408
4	54	5	18571.466	18.571466	False	0.412
4	54	6	3120.398	3.120398	False	0.417
4	54	7	18824.046	18.824046	False	0.411
4	55	1	19195.313	19.195313	False	0.477
4	55	2	19661.345	19.661345	False	0.398
4	55	3	15806.868	15.806868	True	0.777
4	56	1	11526.320	11.526320	False	0.434
4	56	2	17473.979	17.473979	False	0.52
4	56	3	2542.294	2.542294	False	0.52
4	56	4	13968.060	13.968060	False	0.133
4	56	5	9410.886	9.410886	False	0.52
4	56	6	16355.221	16.355221	False	0.426
4	56	7	10364.429	10.364429	False	0.52
4	57	1	12099.460	12.099460	False	0.133
4	57	2	19299.424	19.299424	False	0.426
4	57	3	29270.797	29.270797	False	0.502
4	57	4	15157.721	15.157721	False	0.357
4	57	5	4101.330	4.101330	False	0.133
4	57	6	19520.614	19.520614	False	0.133
4	57	7	15681.252	15.681252	True	0.79
4	58	1	22084.240	22.084240	False	0.406
4	58	2	16256.398	16.256398	False	0.406
4	58	3	16784.570	16.784570	False	0.433
4	58	4	29169.134	29.169134	False	0.4
4	58	5	18729.343	18.729343	False	0.473
4	58	6	27163.778	27.163778	False	0.513
4	58	7	18698.641	18.698641	False	0.444
4	58	8	19358.856	19.358856	False	0.133
4	58	9	19640.956	19.640956	False	0.513
4	58	10	17707.702	17.707702	False	0.387
4	58	11	15084.155	15.084155	False	0.513
4	59	1	24121.729	24.121729	False	0.133
4	59	2	23703.118	23.703118	False	0.527
4	59	3	17167.284	17.167284	False	0.593
4	59	4	11021.569	11.021569	False	0.133
4	59	5	29000.598	29.000598	False	0.524
4	59	6	21103.754	21.103754	False	0.133
4	59	7	8342.228	8.342228	False	0.565
4	59	8	32282.807	32.282807	False	0.559
4	60	1	14562.579	14.562579	False	0.455
4	60	2	33786.114	33.786114	False	0.512
4	60	3	16962.032	16.962032	False	0.44
4	60	4	18689.526	18.689526	False	0.133
4	60	5	14238.229	14.238229	False	0.133
4	60	6	14459.186	14.459186	False	0.133
4	60	7	21148.711	21.148711	False	0.44
4	61	1	17200.625	17.200625	False	0.424
4	61	2	15445.056	15.445056	False	0.419
4	61	3	16058.287	16.058287	False	0.405
4	61	4	13774.835	13.774835	False	0.133
4	61	5	13216.915	13.216915	False	0.133
4	61	6	17586.221	17.586221	False	0.398
4	62	1	23794.576	23.794576	False	0.438
4	62	2	14383.924	14.383924	False	0.133
4	62	3	22028.231	22.028231	False	0.406
4	62	4	12160.441	12.160441	False	0.133
4	62	5	3982.321	3.982321	False	0.133
4	62	6	14097.201	14.097201	False	0.133
4	63	1	4094.635	4.094635	False	0.133
4	63	2	22863.001	22.863001	False	0.423
4	63	3	20129.348	20.129348	False	0.449
4	63	4	18478.716	18.478716	False	0.438
4	63	5	19546.202	19.546202	False	0.428
4	63	6	15142.453	15.142453	False	0.133
4	63	7	18016.606	18.016606	False	0.387
4	63	8	28835.797	28.835797	False	0.444
4	64	1	22969.185	22.969185	False	0.462
4	64	2	15961.608	15.961608	False	0.407
4	64	3	18200.617	18.200617	False	0.423
4	64	4	5464.304	5.464304	False	0.133
4	64	5	14479.986	14.479986	False	0.133
4	64	6	17908.576	17.908576	False	0.385
4	65	1	10873.000	10.873000	False	0.133
4	65	2	15258.345	15.258345	False	0.439
4	65	3	17467.764	17.467764	False	0.382
4	65	4	17971.985	17.971985	False	0.4
4	65	5	18374.207	18.374207	False	0.408
4	65	6	23830.464	23.830464	False	0.449
4	65	7	18606.611	18.606611	False	0.133
4	65	8	13393.665	13.393665	False	0.133
4	65	9	17053.149	17.053149	False	0.392
4	65	10	3447.429	3.447429	False	0.133
4	65	11	1970.197	1.970197	False	0.133
4	66	1	17168.697	17.168697	False	0.441
4	66	2	2853.471	2.853471	False	0.133
4	66	3	24154.032	24.154032	False	0.516
4	66	4	2836.662	2.836662	False	0.133
4	66	5	17428.561	17.428561	False	0.444
4	66	6	24567.568	24.567568	False	0.42
4	66	7	5163.317	5.163317	False	0.133
4	66	8	28523.434	28.523434	False	0.399
4	67	1	23889.052	23.889052	True	0.942
4	68	1	19163.030	19.163030	False	0.399
4	68	2	14879.351	14.879351	False	0.133
4	68	3	20749.152	20.749152	False	0.461
4	68	4	3115.634	3.115634	False	0.133
4	68	5	13795.103	13.795103	False	0.133
4	68	6	8682.948	8.682948	False	0.133
4	68	7	18545.921	18.545921	False	0.133
4	69	1	15879.998	15.879998	False	0.469
4	69	2	19772.404	19.772404	False	0.462
4	69	3	8155.012	8.155012	False	0.411
4	69	4	18140.908	18.140908	False	0.407
4	69	5	21393.349	21.393349	False	0.466
4	69	6	15516.330	15.516330	False	0.395
4	70	1	3551.339	3.551339	False	0.133
4	70	2	2904.460	2.904460	False	0.133
4	70	3	10447.501	10.447501	False	0.133
4	70	4	12342.749	12.342749	False	0.133
4	71	1	18542.477	18.542477	False	0.445
4	71	2	18371.172	18.371172	False	0.376
4	71	3	8676.613	8.676613	False	0.423
4	71	4	49110.049	49.110049	False	0.47
4	71	5	29109.969	29.109969	False	0.455
4	71	6	10125.940	10.125940	False	0.499
4	71	7	36225.999	36.225999	False	0.464
4	71	8	62563.012	62.563012	False	0.423
4	71	9	26977.463	26.977463	False	0.405
4	71	10	36270.286	36.270286	False	0.481
4	71	11	18462.831	18.462831	False	0.412
4	72	1	13769.998	13.769998	False	0.133
4	72	2	13654.003	13.654003	False	0.133
4	72	3	20223.508	20.223508	False	0.366
4	72	4	19841.532	19.841532	False	0.398
4	72	5	18319.726	18.319726	False	0.133
4	72	6	16042.270	16.042270	False	0.386
4	72	7	11326.963	11.326963	False	0.133
4	72	8	16772.383	16.772383	False	0.438
4	72	9	16325.678	16.325678	False	0.4
4	72	10	18627.329	18.627329	False	0.405
4	72	11	13790.224	13.790224	False	0.133
4	72	12	20353.349	20.353349	False	0.471
4	72	13	19930.160	19.930160	False	0.337
4	72	14	19111.764	19.111764	False	0.453
4	72	15	26131.005	26.131005	False	0.427
4	72	16	22011.767	22.011767	True	0.79
4	73	1	10585.657	10.585657	False	0.133
4	73	2	10775.644	10.775644	False	0.133
4	73	3	20076.315	20.076315	False	0.466
4	73	4	17059.792	17.059792	False	0.133
4	73	5	10852.003	10.852003	False	0.133
4	73	6	2399.670	2.399670	False	0.133
4	73	7	19814.816	19.814816	False	0.457
4	73	8	17310.455	17.310455	False	0.133
4	74	1	16705.051	16.705051	False	0.459
4	74	2	21280.436	21.280436	False	0.488
4	74	3	13157.793	13.157793	False	0.133
4	74	4	2705.905	2.705905	False	0.459
4	74	5	1630.483	1.630483	False	0.459
4	74	6	17445.995	17.445995	False	0.46
4	74	7	19996.178	19.996178	False	0.511
4	74	8	16254.927	16.254927	False	0.378
4	74	9	12114.826	12.114826	False	0.133
4	74	10	16880.356	16.880356	False	0.461
4	74	11	20379.667	20.379667	False	0.415
4	74	12	18292.382	18.292382	False	0.437
4	75	1	58279.157	58.279157	True	0.865
4	76	1	13882.254	13.882254	False	0.133
4	76	2	4560.144	4.560144	False	0.133
4	76	3	13193.246	13.193246	False	0.133
4	76	4	15090.069	15.090069	False	0.133
4	77	1	18489.726	18.489726	False	0.527
4	77	2	17631.075	17.631075	False	0.558
4	77	3	33991.864	33.991864	False	0.547
4	77	4	19689.475	19.689475	False	0.133
4	77	5	4411.128	4.411128	False	0.133
4	77	6	2381.789	2.381789	False	0.133
4	77	7	15781.791	15.781791	False	0.521
4	78	1	17763.344	17.763344	False	0.505
4	78	2	20984.121	20.984121	False	0.431
4	78	3	15312.140	15.312140	False	0.468
4	78	4	26568.349	26.568349	False	0.51
4	78	5	3244.646	3.244646	False	0.468
4	78	6	14720.817	14.720817	False	0.133
4	79	1	9654.872	9.654872	False	0.133
4	79	2	17629.957	17.629957	False	0.466
4	79	3	11700.104	11.700104	False	0.466
4	79	4	3204.398	3.204398	False	0.466
4	79	5	18528.252	18.528252	False	0.497
4	79	6	11692.051	11.692051	False	0.466
4	79	7	17050.587	17.050587	False	0.534
4	79	8	18725.540	18.725540	False	0.46
4	79	9	18823.262	18.823262	False	0.484
4	79	10	33028.559	33.028559	False	0.516
4	79	11	21646.697	21.646697	False	0.45
4	79	12	2358.360	2.358360	False	0.466
4	80	1	9205.663	9.205663	False	0.471
4	80	2	16527.435	16.527435	False	0.556
4	80	3	11478.554	11.478554	False	0.471
4	80	4	29287.555	29.287555	False	0.47
4	80	5	19172.075	19.172075	False	0.511
4	80	6	20298.132	20.298132	False	0.482
4	80	7	13549.716	13.549716	False	0.471
4	81	1	11477.170	11.477170	False	0.133
4	81	2	17086.091	17.086091	False	0.353
4	81	3	21214.027	21.214027	True	0.722
4	82	1	14764.389	14.764389	False	0.417
4	82	2	16832.862	16.832862	False	0.417
4	82	3	13173.476	13.173476	False	0.133
4	82	4	13640.770	13.640770	False	0.412
4	82	5	10311.308	10.311308	False	0.133
4	82	6	25774.133	25.774133	False	0.449
4	82	7	15842.177	15.842177	False	0.393
4	82	8	19599.212	19.599212	False	0.44
4	82	9	10075.860	10.075860	False	0.432
4	82	10	20426.379	20.426379	False	0.412
4	82	11	7718.900	7.718900	False	0.133
4	83	1	13258.929	13.258929	False	0.133
4	83	2	18180.985	18.180985	False	0.478
4	83	3	15901.961	15.901961	False	0.472
4	83	4	18151.676	18.151676	False	0.386
4	83	5	14620.181	14.620181	False	0.133
4	83	6	19534.911	19.534911	False	0.133
4	83	7	2338.724	2.338724	False	0.133
4	84	1	15155.371	15.155371	False	0.428
4	84	2	18858.362	18.858362	False	0.133
4	84	3	18788.919	18.788919	False	0.486
4	84	4	17482.255	17.482255	False	0.432
4	84	5	11322.860	11.322860	False	0.428
4	84	6	24235.775	24.235775	False	0.427
4	84	7	10874.744	10.874744	False	0.428
4	84	8	15033.653	15.033653	False	0.468
4	85	1	19207.924	19.207924	False	0.449
4	85	2	29017.987	29.017987	False	0.51
4	85	3	9677.993	9.677993	False	0.133
4	85	4	22601.721	22.601721	True	0.864
4	86	1	15117.494	15.117494	False	0.459
4	86	2	21405.659	21.405659	False	0.44
4	86	3	3308.744	3.308744	False	0.133
4	86	4	19139.871	19.139871	False	0.49
4	86	5	8867.792	8.867792	False	0.499
4	86	6	14424.314	14.424314	False	0.133
4	86	7	29042.602	29.042602	False	0.461
4	86	8	22852.648	22.852648	False	0.475
4	86	9	4494.660	4.494660	False	0.133
4	87	1	18790.992	18.790992	False	0.133
4	87	2	2441.467	2.441467	False	0.133
4	87	3	8090.598	8.090598	False	0.133
4	87	4	1574.712	1.574712	False	0.133
4	88	1	22457.653	22.457653	False	0.416
4	88	2	18863.567	18.863567	False	0.439
4	88	3	17989.681	17.989681	False	0.434
4	88	4	15406.159	15.406159	False	0.133
4	88	5	16065.511	16.065511	False	0.426
4	88	6	15475.376	15.475376	False	0.133
4	88	7	2047.483	2.047483	False	0.133
4	89	1	14132.680	14.132680	False	0.432
4	89	2	14566.568	14.566568	False	0.133
4	89	3	19655.591	19.655591	False	0.458
4	89	4	31023.531	31.023531	False	0.411
4	89	5	16801.824	16.801824	False	0.348
4	89	6	9581.149	9.581149	False	0.133
4	89	7	19479.101	19.479101	False	0.373
4	89	8	18963.778	18.963778	False	0.477
4	89	9	2142.831	2.142831	False	0.133
4	89	10	18823.139	18.823139	False	0.396
4	89	11	2983.176	2.983176	False	0.133
4	89	12	1704.158	1.704158	False	0.133
4	89	13	10616.048	10.616048	False	0.133
4	90	1	20820.111	20.820111	False	0.416
4	90	2	18037.035	18.037035	False	0.38
4	90	3	16672.142	16.672142	False	0.375
4	90	4	18120.944	18.120944	False	0.415
4	90	5	21736.610	21.736610	False	0.413
4	90	6	17426.463	17.426463	False	0.411
4	91	1	3659.382	3.659382	False	0.133
4	91	2	2183.661	2.183661	False	0.133
4	91	3	18324.446	18.324446	False	0.435
4	91	4	21326.847	21.326847	False	0.408
4	91	5	20736.050	20.736050	False	0.416
4	91	6	20518.124	20.518124	False	0.473
4	91	7	22986.701	22.986701	False	0.419
4	91	8	14992.813	14.992813	False	0.476
4	91	9	1972.707	1.972707	False	0.133
4	91	10	10831.032	10.831032	False	0.133
4	91	11	18301.815	18.301815	False	0.428
4	92	1	4593.547	4.593547	False	0.133
4	92	2	8966.109	8.966109	False	0.499
4	92	3	17714.871	17.714871	False	0.445
4	92	4	2184.514	2.184514	False	0.133
4	92	5	2112.533	2.112533	False	0.133
4	92	6	11723.534	11.723534	False	0.432
4	92	7	17403.365	17.403365	False	0.45
4	93	1	19057.948	19.057948	False	0.402
4	93	2	21445.902	21.445902	False	0.467
4	93	3	3967.589	3.967589	False	0.133
4	93	4	25978.044	25.978044	True	0.775
4	94	1	15438.274	15.438274	False	0.387
4	94	2	29966.569	29.966569	False	0.473
4	94	3	15778.618	15.778618	False	0.399
4	94	4	14555.032	14.555032	False	0.465
4	94	5	11469.384	11.469384	False	0.45
4	94	6	18745.338	18.745338	False	0.406
4	94	7	17378.876	17.378876	False	0.45
4	95	1	22395.549	22.395549	False	0.462
4	95	2	14041.114	14.041114	False	0.133
4	95	3	7993.767	7.993767	False	0.462
4	95	4	11038.076	11.038076	False	0.462
4	95	5	21851.895	21.851895	False	0.498
4	95	6	3187.483	3.187483	False	0.462
4	95	7	15564.275	15.564275	False	0.133
4	95	8	1456.621	1.456621	False	0.462
4	95	9	13399.959	13.399959	False	0.133
4	95	10	21392.979	21.392979	False	0.443
4	96	1	14914.244	14.914244	False	0.452
4	96	2	21917.743	21.917743	False	0.133
4	96	3	13337.683	13.337683	False	0.133
4	96	4	20409.912	20.409912	False	0.416
4	96	5	19922.894	19.922894	False	0.471
4	96	6	14215.444	14.215444	False	0.133
4	96	7	19553.587	19.553587	False	0.395
4	96	8	11124.445	11.124445	False	0.133
4	96	9	20728.708	20.728708	False	0.363
4	96	10	16945.705	16.945705	False	0.362
4	97	1	6248.351	6.248351	False	0.133
4	97	2	26451.528	26.451528	False	0.464
4	97	3	19129.001	19.129001	False	0.45
4	97	4	2716.908	2.716908	False	0.133
4	97	5	5522.965	5.522965	False	0.133
4	97	6	13703.773	13.703773	False	0.133
4	97	7	13578.113	13.578113	False	0.133
4	98	1	20536.362	20.536362	False	0.357
4	98	2	8969.175	8.969175	False	0.465
4	98	3	2908.237	2.908237	False	0.465
4	98	4	24040.256	24.040256	False	0.445
4	98	5	1971.368	1.971368	False	0.465
4	98	6	22118.127	22.118127	False	0.442
4	98	7	1983.158	1.983158	False	0.465
4	99	1	20242.963	20.242963	False	0.395
4	99	2	20573.845	20.573845	False	0.44
4	99	3	20108.584	20.108584	False	0.47
4	99	4	5415.737	5.415737	False	0.133
4	99	5	13386.833	13.386833	False	0.426
4	99	6	19134.250	19.134250	False	0.42
4	99	7	18203.056	18.203056	False	0.451
4	99	8	20550.566	20.550566	False	0.423
4	100	1	23404.033	23.404033	False	0.43
4	100	2	13551.778	13.551778	False	0.133
4	100	3	18775.091	18.775091	True	0.854
4	101	1	21339.562	21.339562	False	0.383
4	101	2	18986.913	18.986913	False	0.471
4	101	3	22090.884	22.090884	False	0.431
4	101	4	4700.737	4.700737	False	0.133
4	101	5	18156.346	18.156346	False	0.403
4	101	6	11915.570	11.915570	False	0.133
4	101	7	19190.036	19.190036	False	0.373
4	102	1	15986.064	15.986064	False	0.465
4	102	2	17337.461	17.337461	False	0.404
4	102	3	16995.765	16.995765	False	0.427
4	102	4	15093.018	15.093018	False	0.508
4	102	5	19913.001	19.913001	False	0.466
4	102	6	7999.947	7.999947	False	0.133
4	102	7	20414.889	20.414889	False	0.407
4	102	8	2940.630	2.940630	False	0.133
4	102	9	18618.464	18.618464	False	0.384
4	103	1	18673.313	18.673313	False	0.379
4	103	2	4224.857	4.224857	False	0.133
4	103	3	14547.074	14.547074	False	0.133
4	103	4	17374.937	17.374937	False	0.442
4	103	5	15245.392	15.245392	False	0.482
4	103	6	19846.375	19.846375	False	0.4
4	103	7	20384.431	20.384431	False	0.436
4	103	8	17539.038	17.539038	False	0.432
4	103	9	22130.976	22.130976	True	0.755
4	104	1	21062.752	21.062752	False	0.489
4	104	2	10552.215	10.552215	False	0.411
4	104	3	19321.016	19.321016	False	0.452
4	104	4	20414.027	20.414027	False	0.433
4	104	5	14098.048	14.098048	False	0.387
4	104	6	10563.235	10.563235	False	0.411
4	105	1	9439.894	9.439894	False	0.133
4	105	2	18667.703	18.667703	False	0.416
4	105	3	14084.148	14.084148	False	0.133
4	105	4	11207.267	11.207267	False	0.133
4	105	5	19271.125	19.271125	False	0.384
4	105	6	15851.509	15.851509	False	0.456
4	105	7	2555.797	2.555797	False	0.133
4	105	8	20751.672	20.751672	False	0.399
4	105	9	1488.628	1.488628	False	0.133
4	105	10	22171.222	22.171222	False	0.432
4	105	11	2139.961	2.139961	False	0.133
4	106	1	15763.445	15.763445	False	0.133
4	106	2	16499.377	16.499377	False	0.413
4	106	3	2394.196	2.394196	False	0.133
4	106	4	2630.146	2.630146	False	0.133
4	106	5	2598.032	2.598032	False	0.133
4	106	6	18716.005	18.716005	True	0.816
4	107	1	17063.765	17.063765	False	0.133
4	107	2	21912.566	21.912566	False	0.413
4	107	3	17599.414	17.599414	False	0.474
4	107	4	18411.120	18.411120	False	0.418
4	107	5	15545.085	15.545085	False	0.507
4	107	6	4770.975	4.770975	False	0.133
4	107	7	12535.655	12.535655	False	0.133
4	107	8	3597.006	3.597006	False	0.133
4	107	9	3008.930	3.008930	False	0.133
4	108	1	20503.233	20.503233	False	0.405
4	108	2	6740.375	6.740375	False	0.423
4	108	3	22091.582	22.091582	False	0.46
4	108	4	18446.470	18.446470	False	0.45
4	108	5	23069.444	23.069444	False	0.496
4	108	6	13419.876	13.419876	False	0.423
4	108	7	9723.005	9.723005	False	0.423
4	108	8	21806.511	21.806511	False	0.411
4	108	9	15376.304	15.376304	False	0.414
4	108	10	12562.902	12.562902	False	0.423
4	109	1	19637.938	19.637938	False	0.416
4	109	2	15953.144	15.953144	False	0.398
4	109	3	18906.785	18.906785	False	0.395
4	109	4	18687.997	18.687997	False	0.431
4	109	5	5142.467	5.142467	False	0.133
4	109	6	19945.032	19.945032	False	0.403
4	109	7	17723.177	17.723177	False	0.424
4	109	8	22526.408	22.526408	False	0.416
4	109	9	11104.860	11.104860	False	0.133
4	110	1	18305.162	18.305162	False	0.414
4	110	2	18983.485	18.983485	False	0.431
4	110	3	4087.751	4.087751	False	0.133
4	110	4	3625.557	3.625557	False	0.133
4	110	5	20055.061	20.055061	False	0.474
4	110	6	19916.064	19.916064	False	0.491
4	110	7	21509.937	21.509937	False	0.406
4	110	8	11422.744	11.422744	False	0.133
4	110	9	17466.630	17.466630	False	0.423
4	110	10	1962.154	1.962154	False	0.133
4	110	11	19003.213	19.003213	False	0.416
4	111	1	20457.946	20.457946	False	0.429
4	111	2	15573.029	15.573029	False	0.133
4	111	3	19125.064	19.125064	False	0.446
4	111	4	27021.664	27.021664	False	0.414
4	111	5	20610.323	20.610323	False	0.464
4	111	6	25611.609	25.611609	False	0.473
4	111	7	21093.498	21.093498	False	0.386
4	111	8	1887.685	1.887685	False	0.133
4	111	9	2622.490	2.622490	False	0.133
4	111	10	23300.986	23.300986	False	0.484
4	111	11	3080.139	3.080139	False	0.133
4	111	12	18619.791	18.619791	False	0.478
4	111	13	20133.113	20.133113	False	0.43
4	111	14	16181.305	16.181305	False	0.133
4	111	15	20914.239	20.914239	False	0.391
4	112	1	12179.961	12.179961	False	0.133
4	112	2	20234.380	20.234380	False	0.401
4	112	3	19487.545	19.487545	False	0.485
4	112	4	21650.607	21.650607	False	0.461
4	112	5	1941.214	1.941214	False	0.133
4	112	6	18771.473	18.771473	False	0.438
4	112	7	17280.109	17.280109	False	0.462
4	112	8	20799.838	20.799838	False	0.506
4	112	9	10249.452	10.249452	False	0.133
4	112	10	22805.099	22.805099	False	0.458
4	112	11	16478.151	16.478151	False	0.443
4	112	12	3955.815	3.955815	False	0.133
4	112	13	20326.773	20.326773	False	0.439
4	113	1	13296.215	13.296215	False	0.133
4	113	2	22204.875	22.204875	False	0.422
4	113	3	11643.249	11.643249	False	0.133
4	113	4	15867.257	15.867257	False	0.35
4	113	5	22581.516	22.581516	False	0.392
4	113	6	2867.059	2.867059	False	0.133
4	113	7	18800.426	18.800426	False	0.439
4	113	8	3814.078	3.814078	False	0.133
4	113	9	15565.664	15.565664	False	0.133
4	113	10	11321.256	11.321256	False	0.133
4	113	11	22285.039	22.285039	False	0.458
4	113	12	12264.857	12.264857	False	0.133
4	113	13	17488.007	17.488007	False	0.446
4	113	14	16954.985	16.954985	False	0.432
4	113	15	18979.586	18.979586	False	0.378
4	113	16	4837.594	4.837594	False	0.133
4	114	1	20759.795	20.759795	False	0.431
4	114	2	5078.578	5.078578	False	0.133
4	114	3	28592.168	28.592168	False	0.417
4	114	4	22907.611	22.907611	False	0.435
4	114	5	1939.285	1.939285	False	0.133
4	114	6	25373.554	25.373554	False	0.441
4	115	1	20412.106	20.412106	False	0.313
4	115	2	9698.051	9.698051	False	0.133
4	115	3	20962.082	20.962082	False	0.387
4	115	4	19969.307	19.969307	False	0.434
4	115	5	20139.884	20.139884	False	0.397
4	115	6	12074.029	12.074029	False	0.133
4	115	7	19151.837	19.151837	False	0.422
4	115	8	20641.416	20.641416	False	0.444
4	115	9	21907.281	21.907281	False	0.434
4	115	10	12835.739	12.835739	False	0.133
4	115	11	23877.786	23.877786	False	0.409
4	115	12	20201.323	20.201323	False	0.133
4	115	13	22521.970	22.521970	False	0.337
4	116	1	4236.162	4.236162	False	0.133
4	116	2	18532.191	18.532191	False	0.383
4	116	3	18329.230	18.329230	False	0.458
4	116	4	21499.655	21.499655	False	0.446
4	116	5	2998.253	2.998253	False	0.133
4	116	6	15186.958	15.186958	False	0.133
4	116	7	1487.653	1.487653	False	0.133
4	116	8	20727.995	20.727995	False	0.456
4	117	1	15392.479	15.392479	False	0.501
4	117	2	21785.821	21.785821	False	0.46
4	117	3	25845.576	25.845576	False	0.446
4	117	4	3677.187	3.677187	False	0.133
4	117	5	18337.497	18.337497	False	0.491
4	117	6	20920.685	20.920685	True	0.776
4	118	1	12711.647	12.711647	False	0.133
4	118	2	15447.516	15.447516	False	0.419
4	118	3	8173.163	8.173163	False	0.499
4	118	4	10969.247	10.969247	False	0.429
4	118	5	43474.256	43.474256	False	0.415
4	118	6	2207.283	2.207283	False	0.429
4	118	7	3209.432	3.209432	False	0.429
4	118	8	18203.472	18.203472	False	0.461
4	119	1	19835.837	19.835837	False	0.461
4	119	2	19090.130	19.090130	False	0.474
4	119	3	14602.691	14.602691	False	0.133
4	119	4	14860.074	14.860074	False	0.413
4	119	5	14774.534	14.774534	False	0.482
4	119	6	21156.870	21.156870	False	0.47
4	119	7	15726.305	15.726305	False	0.133
4	120	1	21752.937	21.752937	False	0.397
4	120	2	14773.425	14.773425	False	0.494
4	120	3	8018.940	8.018940	False	0.451
4	120	4	18981.914	18.981914	False	0.474
4	120	5	20225.270	20.225270	False	0.459
4	120	6	20534.364	20.534364	False	0.45
4	120	7	2714.587	2.714587	False	0.451
4	121	1	15697.556	15.697556	False	0.357
4	121	2	17450.616	17.450616	False	0.483
4	121	3	19576.774	19.576774	False	0.466
4	121	4	15721.260	15.721260	False	0.133
4	121	5	9708.505	9.708505	False	0.443
4	121	6	18434.940	18.434940	False	0.438
4	121	7	17722.773	17.722773	False	0.465
4	122	1	2703.108	2.703108	False	0.133
4	122	2	17435.219	17.435219	False	0.504
4	122	3	9101.744	9.101744	False	0.133
4	122	4	22629.298	22.629298	False	0.482
4	122	5	17859.494	17.859494	False	0.391
4	122	6	3936.320	3.936320	False	0.133
4	122	7	12628.918	12.628918	False	0.133
4	123	1	9973.888	9.973888	False	0.133
4	123	2	2461.773	2.461773	False	0.133
4	123	3	8943.847	8.943847	False	0.133
4	123	4	1863.614	1.863614	False	0.133
4	124	1	19109.242	19.109242	False	0.452
4	124	2	16489.844	16.489844	False	0.133
4	124	3	19754.988	19.754988	False	0.434
4	124	4	11507.552	11.507552	False	0.133
4	124	5	15724.833	15.724833	False	0.133
4	124	6	13349.382	13.349382	False	0.133
4	125	1	7804.507	7.804507	False	0.133
4	125	2	19870.452	19.870452	False	0.457
4	125	3	4384.863	4.384863	False	0.133
4	125	4	21736.712	21.736712	False	0.46
4	125	5	12423.826	12.423826	False	0.133
4	125	6	16226.735	16.226735	True	0.779
4	126	1	15064.563	15.064563	False	0.447
4	126	2	16321.989	16.321989	False	0.389
4	126	3	19394.301	19.394301	False	0.356
4	126	4	13985.961	13.985961	False	0.413
4	126	5	23312.342	23.312342	False	0.401
4	126	6	21932.259	21.932259	False	0.537
4	126	7	17724.225	17.724225	False	0.471
4	126	8	3095.791	3.095791	False	0.133
4	126	9	5821.842	5.821842	False	0.133
4	126	10	2316.309	2.316309	False	0.133
4	126	11	14726.231	14.726231	False	0.426
4	127	1	20984.080	20.984080	True	0.818
4	128	1	3205.294	3.205294	False	0.133
4	128	2	2427.048	2.427048	False	0.133
4	128	3	23843.306	23.843306	False	0.425
4	128	4	18668.967	18.668967	False	0.473
4	128	5	2643.372	2.643372	False	0.133
4	128	6	13836.437	13.836437	False	0.538
4	128	7	1962.160	1.962160	False	0.133
4	128	8	3220.261	3.220261	False	0.133
4	128	9	12226.853	12.226853	False	0.133
4	128	10	1808.236	1.808236	False	0.133
4	129	1	23606.440	23.606440	False	0.339
4	129	2	5763.559	5.763559	False	0.133
4	129	3	23545.447	23.545447	True	0.818
4	130	1	3974.022	3.974022	False	0.133
4	130	2	31816.851	31.816851	False	0.424
4	130	3	19566.829	19.566829	True	0.816
4	131	1	20143.688	20.143688	False	0.48
4	131	2	19780.217	19.780217	False	0.498
4	131	3	7324.281	7.324281	False	0.133
4	131	4	11913.826	11.913826	False	0.133
4	131	5	22715.796	22.715796	False	0.466
4	131	6	23339.422	23.339422	False	0.494
4	131	7	2638.035	2.638035	False	0.133
4	132	1	19612.076	19.612076	False	0.474
4	132	2	20958.954	20.958954	False	0.403
4	132	3	21067.417	21.067417	False	0.422
4	132	4	16703.267	16.703267	False	0.368
4	132	5	4705.610	4.705610	False	0.133
4	132	6	11341.269	11.341269	False	0.133
4	133	1	19099.063	19.099063	False	0.486
4	133	2	12881.462	12.881462	True	0.767
4	134	1	17624.475	17.624475	False	0.428
4	134	2	17111.152	17.111152	False	0.485
4	134	3	25126.058	25.126058	False	0.502
4	134	4	11591.756	11.591756	False	0.133
4	134	5	17957.508	17.957508	True	0.879
4	135	1	35304.823	35.304823	False	0.133
4	135	2	13405.697	13.405697	False	0.133
4	135	3	10041.266	10.041266	False	0.522
4	135	4	11040.487	11.040487	False	0.509
4	135	5	13430.388	13.430388	False	0.446
4	135	6	18339.464	18.339464	False	0.365
4	135	7	13588.204	13.588204	False	0.133
4	135	8	18055.680	18.055680	False	0.487
4	136	1	12467.817	12.467817	False	0.554
4	136	2	2070.751	2.070751	False	0.554
4	136	3	19032.697	19.032697	False	0.133
4	136	4	46621.415	46.621415	False	0.435
4	136	5	19751.060	19.751060	False	0.413
4	136	6	8356.210	8.356210	False	0.554
4	137	1	11626.546	11.626546	False	0.133
4	137	2	3250.743	3.250743	False	0.133
4	137	3	12503.520	12.503520	True	0.855
4	138	1	7623.126	7.623126	False	0.448
4	138	2	2828.211	2.828211	False	0.448
4	138	3	14508.517	14.508517	False	0.5
4	138	4	19126.033	19.126033	False	0.393
4	138	5	3569.699	3.569699	False	0.448
4	138	6	19254.455	19.254455	False	0.466
4	138	7	18020.168	18.020168	True	0.788
4	139	1	21159.506	21.159506	False	0.463
4	139	2	17069.818	17.069818	False	0.418
4	139	3	24142.001	24.142001	False	0.446
4	139	4	15361.950	15.361950	False	0.133
4	139	5	14386.378	14.386378	False	0.133
4	139	6	12371.967	12.371967	False	0.133
4	140	1	17699.088	17.699088	False	0.453
4	140	2	26700.516	26.700516	False	0.407
4	140	3	9930.989	9.930989	False	0.416
4	140	4	15731.797	15.731797	False	0.133
4	140	5	2540.558	2.540558	False	0.416
4	140	6	20078.851	20.078851	False	0.441
4	141	1	20945.593	20.945593	False	0.431
4	141	2	15196.870	15.196870	False	0.133
4	141	3	1837.927	1.837927	False	0.133
4	141	4	12677.246	12.677246	False	0.133
4	141	5	25479.238	25.479238	False	0.463
4	141	6	11548.289	11.548289	False	0.133
4	141	7	1432.034	1.432034	False	0.133
4	141	8	1344.631	1.344631	False	0.133
4	141	9	10313.502	10.313502	False	0.133
4	142	1	2923.554	2.923554	False	0.133
4	142	2	22930.898	22.930898	False	0.444
4	142	3	1315.552	1.315552	False	0.133
4	142	4	2970.338	2.970338	False	0.133
4	142	5	10224.147	10.224147	False	0.133
4	142	6	16165.117	16.165117	False	0.46
4	142	7	20967.255	20.967255	False	0.495
4	142	8	19668.754	19.668754	False	0.515
4	142	9	10221.295	10.221295	False	0.446
4	142	10	11159.480	11.159480	False	0.133
4	142	11	16819.032	16.819032	False	0.411
4	142	12	13735.816	13.735816	False	0.449
4	142	13	1309.651	1.309651	False	0.133
4	143	1	21471.437	21.471437	False	0.483
4	143	2	14467.383	14.467383	True	0.691
4	144	1	9293.516	9.293516	False	0.392
4	144	2	9171.268	9.171268	False	0.133
4	144	3	15634.316	15.634316	True	0.775
4	145	1	13729.914	13.729914	False	0.133
4	145	2	28732.814	28.732814	False	0.133
4	145	3	21786.520	21.786520	False	0.471
4	145	4	14930.084	14.930084	False	0.133
4	145	5	10592.333	10.592333	False	0.133
4	145	6	17276.140	17.276140	False	0.346
4	145	7	13337.183	13.337183	False	0.133
4	145	8	2161.106	2.161106	False	0.133
4	146	1	18802.466	18.802466	False	0.5
4	146	2	14257.637	14.257637	False	0.133
4	146	3	14278.005	14.278005	False	0.133
4	146	4	20888.673	20.888673	False	0.566
4	146	5	13441.584	13.441584	False	0.133
4	146	6	11085.391	11.085391	False	0.133
4	146	7	20639.552	20.639552	False	0.428
4	146	8	18260.630	18.260630	False	0.355
4	146	9	4058.751	4.058751	False	0.133
4	147	1	21791.876	21.791876	False	0.425
4	147	2	15385.757	15.385757	False	0.425
4	147	3	15362.863	15.362863	False	0.42
4	147	4	10085.021	10.085021	False	0.434
4	147	5	23372.958	23.372958	False	0.406
4	147	6	3225.085	3.225085	False	0.434
4	148	1	4527.112	4.527112	False	0.133
4	148	2	15031.793	15.031793	False	0.423
4	148	3	14421.618	14.421618	False	0.404
4	148	4	2326.258	2.326258	False	0.133
4	148	5	19522.281	19.522281	False	0.449
4	148	6	21325.561	21.325561	False	0.441
4	148	7	2842.756	2.842756	False	0.133
4	148	8	2457.480	2.457480	False	0.133
4	148	9	13248.472	13.248472	False	0.133
4	148	10	18099.658	18.099658	False	0.432
4	149	1	19633.163	19.633163	False	0.472
4	149	2	12470.658	12.470658	False	0.43
4	149	3	11745.764	11.745764	False	0.453
4	149	4	24687.594	24.687594	False	0.442
4	149	5	17906.789	17.906789	False	0.433
4	149	6	3895.522	3.895522	False	0.433
4	150	1	13660.854	13.660854	False	0.408
4	150	2	18340.059	18.340059	False	0.447
4	150	3	17343.531	17.343531	False	0.413
4	150	4	15618.151	15.618151	False	0.407
4	150	5	10287.851	10.287851	False	0.407
4	150	6	18016.018	18.016018	False	0.436
4	150	7	19453.060	19.453060	False	0.41
4	151	1	4981.487	4.981487	False	0.133
4	151	2	2562.709	2.562709	False	0.133
4	151	3	21757.888	21.757888	False	0.442
4	151	4	18180.130	18.180130	False	0.459
4	151	5	21748.774	21.748774	False	0.476
4	151	6	14505.513	14.505513	False	0.457
4	151	7	1944.047	1.944047	False	0.133
4	151	8	16402.232	16.402232	False	0.459
4	151	9	2446.607	2.446607	False	0.133
4	151	10	3028.532	3.028532	False	0.133
4	152	1	17812.834	17.812834	False	0.482
4	152	2	18882.028	18.882028	False	0.431
4	152	3	17587.542	17.587542	False	0.408
4	152	4	13694.292	13.694292	False	0.133
4	152	5	16729.472	16.729472	False	0.433
4	152	6	21670.339	21.670339	False	0.417
4	153	1	4779.817	4.779817	False	0.133
4	153	2	17077.090	17.077090	False	0.413
4	153	3	14197.991	14.197991	False	0.331
4	153	4	17612.988	17.612988	False	0.392
4	153	5	9591.268	9.591268	False	0.133
4	153	6	20299.316	20.299316	False	0.391
4	153	7	20434.753	20.434753	False	0.399
4	154	1	18690.312	18.690312	False	0.432
4	154	2	4418.037	4.418037	False	0.133
4	154	3	11394.054	11.394054	False	0.432
4	154	4	10584.593	10.584593	False	0.499
4	154	5	15002.673	15.002673	False	0.426
4	154	6	20666.215	20.666215	False	0.399
4	154	7	13987.490	13.987490	False	0.133
4	154	8	19633.420	19.633420	False	0.481
4	154	9	22036.028	22.036028	False	0.405
4	155	1	20380.863	20.380863	False	0.391
4	155	2	9726.955	9.726955	False	0.133
4	155	3	15777.055	15.777055	False	0.133
4	155	4	4001.690	4.001690	False	0.133
4	155	5	16237.919	16.237919	False	0.133
4	156	1	21033.662	21.033662	False	0.452
4	156	2	11481.074	11.481074	False	0.133
4	156	3	12153.292	12.153292	False	0.133
4	156	4	10898.494	10.898494	False	0.133
4	156	5	14014.507	14.014507	False	0.133
4	157	1	15206.865	15.206865	False	0.431
4	157	2	16958.962	16.958962	False	0.443
4	157	3	12190.067	12.190067	False	0.505
4	157	4	14257.811	14.257811	False	0.396
4	157	5	4695.673	4.695673	False	0.133
4	157	6	17167.703	17.167703	False	0.388
4	157	7	15148.251	15.148251	False	0.446
4	157	8	18248.820	18.248820	False	0.429
4	158	1	12177.282	12.177282	False	0.133
4	158	2	20447.461	20.447461	False	0.432
4	158	3	9179.141	9.179141	False	0.418
4	158	4	18011.744	18.011744	False	0.406
4	158	5	11499.480	11.499480	False	0.133
4	158	6	11830.629	11.830629	False	0.418
4	158	7	13695.191	13.695191	True	0.761
4	159	1	14986.984	14.986984	False	0.499
4	159	2	8582.248	8.582248	False	0.413
4	159	3	2309.885	2.309885	False	0.413
4	159	4	12730.966	12.730966	False	0.413
4	159	5	2176.231	2.176231	False	0.413
4	159	6	13191.152	13.191152	False	0.133
4	160	1	6145.508	6.145508	False	0.133
4	160	2	7572.901	7.572901	False	0.133
4	160	3	19946.515	19.946515	False	0.441
4	160	4	11203.078	11.203078	False	0.133
4	160	5	19357.581	19.357581	False	0.133
4	160	6	20318.175	20.318175	True	0.751
4	161	1	11686.664	11.686664	False	0.133
4	161	2	1869.530	1.869530	False	0.133
4	161	3	27608.056	27.608056	False	0.483
4	161	4	14407.983	14.407983	False	0.524
4	161	5	12600.666	12.600666	False	0.133
4	161	6	3515.578	3.515578	False	0.133
4	161	7	17786.595	17.786595	False	0.403
4	161	8	3460.458	3.460458	False	0.133
4	161	9	14713.956	14.713956	False	0.133
4	162	1	18261.853	18.261853	False	0.492
4	162	2	17021.618	17.021618	False	0.399
4	162	3	4204.988	4.204988	False	0.133
4	162	4	19461.660	19.461660	False	0.5
4	162	5	30139.650	30.139650	True	0.781
4	163	1	20580.583	20.580583	False	0.544
4	163	2	26510.754	26.510754	False	0.51
4	163	3	38207.759	38.207759	False	0.133
4	163	4	2553.885	2.553885	False	0.133
4	163	5	14920.084	14.920084	False	0.133
4	163	6	22405.357	22.405357	False	0.552
4	164	1	14627.103	14.627103	False	0.133
4	164	2	5136.425	5.136425	False	0.133
4	164	3	19863.723	19.863723	False	0.4
4	164	4	2689.055	2.689055	False	0.133
4	164	5	15649.957	15.649957	False	0.438
4	164	6	10361.359	10.361359	False	0.133
4	164	7	13993.870	13.993870	False	0.133
4	164	8	3623.626	3.623626	False	0.133
4	164	9	4322.189	4.322189	False	0.133
4	165	1	17471.819	17.471819	False	0.457
4	165	2	2382.125	2.382125	False	0.133
4	165	3	1711.366	1.711366	False	0.133
4	165	4	20438.568	20.438568	False	0.622
4	165	5	13845.186	13.845186	False	0.526
4	165	6	16262.421	16.262421	False	0.494
4	165	7	15696.454	15.696454	True	0.889
4	166	1	15906.077	15.906077	False	0.465
4	166	2	22550.535	22.550535	False	0.454
4	166	3	19213.876	19.213876	False	0.397
4	166	4	17990.167	17.990167	False	0.468
4	166	5	4925.925	4.925925	False	0.133
4	166	6	16705.813	16.705813	False	0.451
4	167	1	22862.721	22.862721	False	0.467
4	167	2	17476.410	17.476410	False	0.433
4	167	3	21066.723	21.066723	False	0.393
4	167	4	17933.909	17.933909	False	0.355
4	167	5	15497.620	15.497620	False	0.395
4	167	6	14054.211	14.054211	False	0.399
4	168	1	2906.941	2.906941	False	0.133
4	168	2	14944.152	14.944152	False	0.4
4	168	3	12035.932	12.035932	False	0.133
4	168	4	33389.110	33.389110	False	0.496
4	168	5	14241.570	14.241570	False	0.133
4	168	6	11954.467	11.954467	False	0.133
4	168	7	2618.554	2.618554	False	0.133
4	168	8	10114.975	10.114975	False	0.133
4	169	1	21730.375	21.730375	False	0.39
4	169	2	4498.413	4.498413	False	0.133
4	169	3	19469.638	19.469638	False	0.459
4	169	4	10708.340	10.708340	False	0.133
4	169	5	13859.643	13.859643	False	0.401
4	169	6	2603.899	2.603899	False	0.133
4	169	7	10176.368	10.176368	False	0.133
4	169	8	4029.813	4.029813	False	0.133
4	170	1	19859.631	19.859631	False	0.461
4	170	2	3631.225	3.631225	False	0.133
4	170	3	19566.298	19.566298	False	0.496
4	170	4	17776.409	17.776409	False	0.453
4	170	5	10045.708	10.045708	False	0.434
4	170	6	14868.411	14.868411	False	0.133
4	170	7	13422.014	13.422014	False	0.47
4	170	8	15540.005	15.540005	False	0.42
4	171	1	17623.661	17.623661	False	0.475
4	171	2	11573.794	11.573794	False	0.133
4	171	3	20056.334	20.056334	False	0.456
4	171	4	14625.856	14.625856	False	0.425
4	171	5	20828.405	20.828405	False	0.417
4	171	6	15503.944	15.503944	False	0.133
4	172	1	4524.064	4.524064	False	0.133
4	172	2	18664.110	18.664110	False	0.595
4	172	3	2365.549	2.365549	False	0.133
4	172	4	11737.365	11.737365	False	0.133
4	172	5	13396.273	13.396273	True	0.913
4	173	1	14881.815	14.881815	False	0.506
4	173	2	3366.710	3.366710	False	0.133
4	173	3	11345.717	11.345717	False	0.133
4	173	4	2673.973	2.673973	False	0.133
4	173	5	10677.399	10.677399	False	0.133
4	174	1	17110.619	17.110619	False	0.454
4	174	2	12173.852	12.173852	False	0.133
4	174	3	7926.849	7.926849	False	0.537
4	174	4	13791.033	13.791033	False	0.537
4	174	5	14007.265	14.007265	True	0.93
4	175	1	18707.460	18.707460	False	0.459
4	175	2	19074.539	19.074539	False	0.329
4	175	3	1940.660	1.940660	False	0.133
4	175	4	7679.515	7.679515	False	0.499
4	175	5	9129.816	9.129816	False	0.133
4	175	6	18244.671	18.244671	False	0.444
4	175	7	7694.101	7.694101	False	0.133
4	175	8	19392.532	19.392532	False	0.42
4	175	9	12317.535	12.317535	False	0.133
4	176	1	18008.293	18.008293	False	0.413
4	176	2	17768.680	17.768680	False	0.434
4	176	3	22621.839	22.621839	False	0.449
4	176	4	15763.538	15.763538	False	0.133
4	176	5	18745.969	18.745969	False	0.452
4	176	6	9743.932	9.743932	False	0.133
4	176	7	21740.841	21.740841	False	0.429
4	176	8	17051.792	17.051792	False	0.4
4	177	1	19053.862	19.053862	False	0.133
4	177	2	20126.296	20.126296	False	0.436
4	177	3	9686.717	9.686717	False	0.133
4	177	4	18172.224	18.172224	True	0.817
4	178	1	5480.079	5.480079	False	0.42
4	178	2	13565.635	13.565635	False	0.133
4	178	3	18891.888	18.891888	False	0.432
4	178	4	2903.368	2.903368	False	0.42
4	178	5	14882.828	14.882828	True	0.852
4	179	1	16819.644	16.819644	False	0.474
4	179	2	19235.545	19.235545	True	0.849
4	180	1	20642.078	20.642078	False	0.459
4	180	2	23431.679	23.431679	False	0.46
4	180	3	10596.570	10.596570	True	0.857
4	181	1	17196.983	17.196983	False	0.133
4	181	2	14263.331	14.263331	True	0.792
4	182	1	8436.285	8.436285	False	0.612
4	182	2	2802.916	2.802916	False	0.612
4	182	3	20100.490	20.100490	False	0.616
4	182	4	14428.314	14.428314	False	0.612
4	182	5	14485.292	14.485292	False	0.612
4	182	6	2330.531	2.330531	False	0.612
4	183	1	16153.552	16.153552	False	0.133
4	183	2	9847.385	9.847385	False	0.499
4	183	3	18917.571	18.917571	False	0.52
4	183	4	5745.381	5.745381	False	0.133
4	183	5	15426.344	15.426344	False	0.133
4	183	6	18010.069	18.010069	False	0.451
4	183	7	7789.475	7.789475	False	0.499
4	183	8	14358.960	14.358960	False	0.133
4	184	1	20278.678	20.278678	False	0.483
4	184	2	15030.579	15.030579	False	0.499
4	184	3	15138.503	15.138503	False	0.486
4	184	4	23204.717	23.204717	False	0.482
4	184	5	11489.919	11.489919	False	0.499
4	184	6	17357.168	17.357168	False	0.466
4	184	7	14773.647	14.773647	False	0.407
4	185	1	18026.001	18.026001	True	0.808
4	186	1	3880.752	3.880752	False	0.133
4	186	2	7882.091	7.882091	False	0.499
4	186	3	3675.615	3.675615	False	0.133
4	186	4	10842.260	10.842260	False	0.133
4	186	5	22646.875	22.646875	True	0.811
4	187	1	20788.994	20.788994	False	0.427
4	187	2	20047.915	20.047915	False	0.462
4	187	3	19272.465	19.272465	False	0.426
4	187	4	9086.773	9.086773	False	0.43
4	187	5	10952.756	10.952756	False	0.133
4	187	6	14102.266	14.102266	False	0.43
4	187	7	18457.158	18.457158	False	0.438
4	188	1	19645.115	19.645115	False	0.42
4	188	2	19184.332	19.184332	False	0.428
4	188	3	19518.044	19.518044	False	0.469
4	188	4	2594.731	2.594731	False	0.42
4	188	5	25304.885	25.304885	False	0.468
4	188	6	12181.716	12.181716	False	0.401
4	188	7	4048.562	4.048562	False	0.42
4	188	8	24424.815	24.424815	False	0.425
4	189	1	19848.327	19.848327	False	0.388
4	189	2	21770.266	21.770266	False	0.409
4	189	3	17028.141	17.028141	False	0.349
4	189	4	15595.868	15.595868	False	0.38
4	189	5	16944.662	16.944662	False	0.371
4	189	6	18919.328	18.919328	False	0.518
4	189	7	15559.193	15.559193	False	0.391
4	189	8	15758.489	15.758489	True	0.759
4	190	1	13426.306	13.426306	False	0.133
4	190	2	9882.321	9.882321	False	0.133
4	190	3	16618.063	16.618063	False	0.378
4	190	4	9019.242	9.019242	False	0.133
4	190	5	20521.552	20.521552	False	0.401
4	190	6	16534.113	16.534113	False	0.424
4	190	7	1821.189	1.821189	False	0.133
4	190	8	20621.501	20.621501	False	0.442
4	190	9	21810.246	21.810246	False	0.459
4	190	10	3262.347	3.262347	False	0.133
4	190	11	1782.972	1.782972	False	0.133
4	190	12	2441.705	2.441705	False	0.133
4	190	13	11110.741	11.110741	False	0.133
4	191	1	13972.693	13.972693	False	0.395
4	191	2	19911.510	19.911510	False	0.404
4	191	3	20267.558	20.267558	False	0.421
4	191	4	2328.280	2.328280	False	0.404
4	191	5	13797.889	13.797889	False	0.404
4	191	6	20026.843	20.026843	False	0.452
4	191	7	19653.406	19.653406	False	0.385
4	191	8	8853.968	8.853968	False	0.404
4	191	9	2571.499	2.571499	False	0.404
4	191	10	14927.881	14.927881	False	0.133
4	191	11	4371.297	4.371297	False	0.404
4	192	1	11515.230	11.515230	False	0.133
4	192	2	23670.689	23.670689	True	0.834
4	193	1	17604.214	17.604214	False	0.44
4	193	2	21811.757	21.811757	False	0.528
4	193	3	25084.060	25.084060	False	0.57
4	193	4	24802.393	24.802393	False	0.561
4	193	5	15546.003	15.546003	True	0.749
4	194	1	5140.663	5.140663	False	0.133
4	194	2	13976.347	13.976347	False	0.429
4	194	3	16280.774	16.280774	False	0.434
4	194	4	16812.274	16.812274	False	0.412
4	194	5	3866.324	3.866324	False	0.133
4	194	6	16998.242	16.998242	False	0.407
4	194	7	15863.351	15.863351	True	0.798
4	195	1	13365.504	13.365504	True	0.867
4	196	1	15895.907	15.895907	False	0.579
4	196	2	17661.891	17.661891	False	0.554
4	196	3	19802.797	19.802797	False	0.493
4	196	4	17258.707	17.258707	False	0.576
4	196	5	13043.083	13.043083	True	0.905
4	197	1	17593.921	17.593921	False	0.45
4	197	2	10076.486	10.076486	False	0.381
4	197	3	3270.048	3.270048	False	0.381
4	197	4	16033.839	16.033839	False	0.439
4	197	5	3472.353	3.472353	False	0.381
4	197	6	16185.013	16.185013	False	0.384
4	198	1	10120.725	10.120725	False	0.133
4	198	2	16647.536	16.647536	False	0.47
4	198	3	13592.569	13.592569	False	0.133
4	198	4	10310.013	10.310013	False	0.133
4	198	5	9863.465	9.863465	False	0.133
4	198	6	23557.969	23.557969	False	0.462
4	198	7	11435.953	11.435953	False	0.133
4	199	1	19049.573	19.049573	False	0.414
4	199	2	3075.792	3.075792	False	0.414
4	199	3	3108.666	3.108666	False	0.414
4	199	4	14939.006	14.939006	False	0.414
4	199	5	3141.085	3.141085	False	0.414
4	199	6	16497.436	16.497436	False	0.441
4	199	7	1969.890	1.969890	False	0.414
4	199	8	10296.448	10.296448	False	0.414
4	199	9	19931.201	19.931201	True	0.754
4	200	1	16949.295	16.949295	False	0.447
4	200	2	18339.622	18.339622	False	0.372
4	200	3	18571.736	18.571736	False	0.432
4	200	4	29368.618	29.368618	False	0.442
4	200	5	4042.724	4.042724	False	0.133
4	200	6	20562.293	20.562293	False	0.474
4	200	7	8993.006	8.993006	False	0.447
4	200	8	17352.638	17.352638	False	0.434
4	200	9	11339.506	11.339506	False	0.447
4	200	10	15218.965	15.218965	False	0.412
4	200	11	12048.303	12.048303	False	0.447
4	201	1	14557.510	14.557510	False	0.438
4	201	2	18500.910	18.500910	False	0.463
4	201	3	8397.164	8.397164	False	0.443
4	201	4	12286.307	12.286307	False	0.133
4	201	5	2740.449	2.740449	False	0.443
4	201	6	4376.732	4.376732	False	0.443
4	201	7	24054.492	24.054492	False	0.513
4	201	8	18435.226	18.435226	False	0.425
4	201	9	15274.793	15.274793	False	0.464
4	201	10	16955.837	16.955837	False	0.468
4	201	11	2677.050	2.677050	False	0.443
4	201	12	2794.940	2.794940	False	0.443
4	202	1	17522.457	17.522457	False	0.447
4	202	2	11636.004	11.636004	False	0.133
4	202	3	10794.938	10.794938	False	0.434
4	202	4	11642.440	11.642440	False	0.133
4	202	5	12730.385	12.730385	False	0.133
4	202	6	19165.263	19.165263	False	0.447
4	203	1	21504.547	21.504547	False	0.443
4	203	2	14740.183	14.740183	False	0.428
4	203	3	18409.788	18.409788	False	0.133
4	203	4	18675.385	18.675385	False	0.426
4	203	5	19974.797	19.974797	False	0.453
4	203	6	20130.317	20.130317	False	0.517
4	203	7	13604.269	13.604269	False	0.133
4	203	8	10069.112	10.069112	False	0.133
4	203	9	10718.267	10.718267	False	0.443
4	203	10	2863.913	2.863913	False	0.133
4	203	11	13013.200	13.013200	False	0.443
4	204	1	12043.339	12.043339	False	0.44
4	204	2	15662.260	15.662260	False	0.44
4	204	3	12690.757	12.690757	False	0.44
4	204	4	14638.978	14.638978	False	0.425
4	204	5	21522.506	21.522506	False	0.4
4	204	6	10855.968	10.855968	False	0.44
4	205	1	20486.497	20.486497	False	0.441
4	205	2	22340.031	22.340031	False	0.467
4	205	3	19008.290	19.008290	False	0.438
4	205	4	16685.693	16.685693	False	0.553
4	205	5	20205.853	20.205853	False	0.447
4	205	6	20332.789	20.332789	False	0.436
4	205	7	16207.273	16.207273	False	0.484
4	205	8	25008.946	25.008946	False	0.426
4	205	9	18257.191	18.257191	False	0.509
4	206	1	13933.755	13.933755	False	0.133
4	206	2	17956.802	17.956802	False	0.437
4	206	3	2483.592	2.483592	False	0.437
4	206	4	12747.190	12.747190	False	0.437
4	206	5	24508.855	24.508855	False	0.424
4	206	6	3289.968	3.289968	False	0.437
4	206	7	20518.746	20.518746	False	0.437
4	207	1	18622.277	18.622277	False	0.405
4	207	2	17748.391	17.748391	False	0.44
4	207	3	2763.106	2.763106	False	0.44
4	207	4	17578.617	17.578617	False	0.485
4	207	5	18623.619	18.623619	False	0.502
4	207	6	9799.774	9.799774	False	0.44
4	207	7	17340.052	17.340052	False	0.407
4	207	8	5638.039	5.638039	False	0.44
4	207	9	21047.642	21.047642	False	0.519
4	207	10	2875.114	2.875114	False	0.44
4	207	11	4278.340	4.278340	False	0.44
4	207	12	2102.432	2.102432	False	0.44
4	207	13	16047.960	16.047960	False	0.427
4	207	14	2658.612	2.658612	False	0.44
4	208	1	14982.831	14.982831	False	0.444
4	208	2	9938.038	9.938038	False	0.435
4	208	3	12944.427	12.944427	False	0.133
4	208	4	3072.413	3.072413	False	0.435
4	208	5	4135.382	4.135382	False	0.435
4	208	6	8515.253	8.515253	False	0.133
4	209	1	4886.590	4.886590	False	0.133
4	209	2	2969.984	2.969984	False	0.133
4	209	3	11848.882	11.848882	False	0.133
4	209	4	19544.169	19.544169	False	0.42
4	209	5	16908.702	16.908702	False	0.458
4	209	6	7588.580	7.588580	False	0.133
4	209	7	18368.422	18.368422	False	0.398
4	209	8	18581.097	18.581097	False	0.504
4	209	9	15762.637	15.762637	True	0.782
4	210	1	4137.995	4.137995	False	0.133
4	210	2	4476.507	4.476507	False	0.133
4	210	3	12752.482	12.752482	False	0.133
4	210	4	2163.195	2.163195	False	0.133
4	211	1	16424.644	16.424644	False	0.399
4	211	2	14850.787	14.850787	False	0.133
4	211	3	20690.051	20.690051	False	0.476
4	211	4	14713.247	14.713247	False	0.496
4	211	5	22167.404	22.167404	False	0.429
4	211	6	4361.650	4.361650	False	0.133
4	211	7	19027.940	19.027940	False	0.454
4	211	8	14195.755	14.195755	False	0.133
4	211	9	16971.886	16.971886	False	0.506
4	212	1	15247.441	15.247441	False	0.447
4	212	2	19309.751	19.309751	False	0.448
4	212	3	19920.464	19.920464	False	0.442
4	212	4	14319.585	14.319585	True	0.808
4	213	1	21574.259	21.574259	False	0.433
4	213	2	22806.354	22.806354	False	0.37
4	213	3	17173.684	17.173684	False	0.474
4	213	4	46634.200	46.634200	False	0.47
4	213	5	15029.525	15.029525	False	0.133
4	213	6	10172.592	10.172592	False	0.433
4	213	7	24942.631	24.942631	False	0.489
4	213	8	20339.570	20.339570	False	0.457
4	213	9	16043.569	16.043569	False	0.471
4	213	10	19473.055	19.473055	False	0.439
4	213	11	15654.890	15.654890	False	0.133
4	213	12	2579.289	2.579289	False	0.433
4	214	1	17177.485	17.177485	False	0.441
4	214	2	13100.519	13.100519	False	0.133
4	214	3	13354.893	13.354893	True	0.782
4	215	1	19102.995	19.102995	False	0.432
4	215	2	9801.600	9.801600	False	0.434
4	215	3	16446.752	16.446752	False	0.435
4	215	4	3926.120	3.926120	False	0.434
4	215	5	20386.553	20.386553	False	0.471
4	215	6	2326.835	2.326835	False	0.434
4	215	7	18337.986	18.337986	False	0.436
4	215	8	12459.127	12.459127	False	0.133
4	215	9	20669.159	20.669159	False	0.414
4	215	10	15450.177	15.450177	False	0.133
4	216	1	14956.776	14.956776	False	0.133
4	216	2	10727.110	10.727110	False	0.133
4	216	3	18570.024	18.570024	False	0.441
4	216	4	11803.504	11.803504	False	0.133
4	216	5	17904.641	17.904641	False	0.432
4	216	6	9473.680	9.473680	False	0.133
4	216	7	21092.352	21.092352	False	0.528
4	216	8	14087.977	14.087977	False	0.503
4	216	9	15747.930	15.747930	False	0.488
4	216	10	3484.543	3.484543	False	0.133
4	216	11	13558.716	13.558716	False	0.133
4	216	12	21748.189	21.748189	False	0.438
4	217	1	19903.341	19.903341	False	0.46
4	217	2	21533.916	21.533916	False	0.42
4	217	3	22692.390	22.692390	False	0.436
4	217	4	12712.293	12.712293	True	0.814
4	218	1	15326.068	15.326068	False	0.403
4	218	2	4674.796	4.674796	False	0.133
4	218	3	15857.181	15.857181	False	0.373
4	218	4	10342.519	10.342519	False	0.133
4	218	5	13313.075	13.313075	False	0.465
4	218	6	21342.297	21.342297	False	0.476
4	218	7	16888.035	16.888035	False	0.133
4	218	8	11398.845	11.398845	False	0.133
4	218	9	10106.018	10.106018	False	0.133
4	218	10	22114.477	22.114477	False	0.504
4	218	11	21261.140	21.261140	False	0.43
4	218	12	13153.380	13.153380	False	0.133
4	218	13	21336.321	21.336321	False	0.515
4	218	14	10172.461	10.172461	False	0.133
4	218	15	16379.780	16.379780	False	0.432
4	218	16	20274.826	20.274826	False	0.434
4	218	17	25478.777	25.478777	False	0.447
4	218	18	1983.581	1.983581	False	0.133
4	219	1	12185.838	12.185838	False	0.133
4	219	2	12449.036	12.449036	False	0.133
4	219	3	17062.746	17.062746	False	0.479
4	219	4	15113.738	15.113738	False	0.393
4	219	5	13151.261	13.151261	True	0.795
4	220	1	22536.682	22.536682	True	0.795
4	221	1	5379.192	5.379192	False	0.133
4	221	2	16949.893	16.949893	False	0.133
4	221	3	23072.700	23.072700	False	0.466
4	221	4	40905.545	40.905545	False	0.372
4	221	5	21483.470	21.483470	False	0.43
4	221	6	14267.252	14.267252	False	0.133
4	221	7	5297.948	5.297948	False	0.133
4	221	8	1687.088	1.687088	False	0.133
4	222	1	10399.716	10.399716	False	0.438
4	222	2	17529.555	17.529555	False	0.425
4	222	3	19486.649	19.486649	False	0.415
4	222	4	21303.093	21.303093	False	0.429
4	222	5	2812.363	2.812363	False	0.438
4	222	6	4520.280	4.520280	False	0.438
4	223	1	19521.361	19.521361	False	0.46
4	223	2	20693.180	20.693180	False	0.422
4	223	3	18004.961	18.004961	False	0.443
4	223	4	2838.969	2.838969	False	0.443
4	223	5	10315.231	10.315231	False	0.443
4	223	6	17410.187	17.410187	False	0.457
4	224	1	11395.171	11.395171	False	0.133
4	224	2	31959.609	31.959609	False	0.474
4	224	3	10810.486	10.810486	False	0.133
4	224	4	6354.594	6.354594	False	0.133
4	224	5	27117.209	27.117209	False	0.424
4	224	6	21226.837	21.226837	False	0.434
4	224	7	25068.513	25.068513	False	0.536
4	224	8	2222.879	2.222879	False	0.133
4	224	9	13242.255	13.242255	True	0.797
4	225	1	15157.833	15.157833	True	0.824
4	226	1	20322.461	20.322461	False	0.438
4	226	2	13010.154	13.010154	False	0.438
4	226	3	22397.785	22.397785	False	0.503
4	226	4	14740.607	14.740607	False	0.133
4	226	5	3781.079	3.781079	False	0.438
4	226	6	2645.504	2.645504	False	0.438
4	226	7	2400.388	2.400388	False	0.438
4	226	8	12098.121	12.098121	False	0.438
4	227	1	15662.594	15.662594	False	0.363
4	227	2	19780.736	19.780736	False	0.38
4	227	3	23172.910	23.172910	False	0.388
4	227	4	20299.418	20.299418	False	0.442
4	227	5	12971.052	12.971052	False	0.133
4	227	6	5150.111	5.150111	False	0.133
4	227	7	14277.238	14.277238	False	0.133
4	227	8	18193.663	18.193663	False	0.471
4	227	9	16380.702	16.380702	False	0.479
4	227	10	18689.583	18.689583	False	0.447
4	227	11	10924.313	10.924313	False	0.133
4	227	12	1913.434	1.913434	False	0.133
4	227	13	15358.146	15.358146	False	0.133
4	228	1	18150.634	18.150634	False	0.441
4	228	2	8221.865	8.221865	False	0.441
4	228	3	20515.206	20.515206	False	0.462
4	228	4	14478.752	14.478752	False	0.44
4	228	5	5468.260	5.468260	False	0.133
4	228	6	11667.918	11.667918	False	0.133
4	228	7	15323.051	15.323051	False	0.133
4	228	8	15320.167	15.320167	False	0.369
4	229	1	26123.171	26.123171	False	0.456
4	229	2	18962.622	18.962622	False	0.444
4	229	3	17453.887	17.453887	False	0.46
4	229	4	5541.361	5.541361	False	0.133
4	229	5	10714.780	10.714780	False	0.133
4	229	6	14189.519	14.189519	False	0.133
4	230	1	16967.556	16.967556	False	0.434
4	230	2	5055.955	5.055955	False	0.133
4	230	3	17069.903	17.069903	False	0.461
4	230	4	13281.863	13.281863	False	0.133
4	230	5	8377.832	8.377832	False	0.133
4	230	6	17425.028	17.425028	False	0.457
4	230	7	14968.069	14.968069	False	0.434
4	230	8	14096.023	14.096023	False	0.133
4	231	1	6313.782	6.313782	False	0.133
4	231	2	19721.707	19.721707	False	0.133
4	231	3	18098.678	18.098678	False	0.536
4	231	4	9141.100	9.141100	False	0.133
4	231	5	17098.832	17.098832	False	0.458
4	231	6	16137.548	16.137548	False	0.481
4	231	7	18918.606	18.918606	False	0.513
4	231	8	13629.922	13.629922	False	0.133
4	232	1	11606.821	11.606821	False	0.133
4	232	2	25804.407	25.804407	False	0.509
4	232	3	14978.144	14.978144	False	0.133
4	232	4	12533.747	12.533747	True	0.817
4	233	1	14475.168	14.475168	False	0.389
4	233	2	21455.820	21.455820	False	0.386
4	233	3	17943.562	17.943562	False	0.133
4	233	4	23386.752	23.386752	False	0.437
4	233	5	13437.610	13.437610	False	0.133
4	233	6	10784.536	10.784536	False	0.133
4	233	7	3863.836	3.863836	False	0.437
4	233	8	11936.256	11.936256	False	0.437
4	233	9	21794.918	21.794918	False	0.459
4	233	10	13546.004	13.546004	False	0.133
4	233	11	14918.459	14.918459	False	0.133
4	233	12	16418.967	16.418967	False	0.421
4	233	13	22332.251	22.332251	False	0.439
4	233	14	20850.017	20.850017	False	0.424
4	234	1	5192.890	5.192890	False	0.133
4	234	2	10210.676	10.210676	False	0.133
4	234	3	11663.547	11.663547	False	0.133
4	234	4	15603.476	15.603476	False	0.429
4	234	5	2887.842	2.887842	False	0.133
4	234	6	18120.638	18.120638	False	0.38
4	234	7	19391.902	19.391902	False	0.493
4	234	8	1975.368	1.975368	False	0.133
4	234	9	12079.322	12.079322	False	0.133
4	234	10	12240.553	12.240553	False	0.133
4	234	11	22561.291	22.561291	False	0.44
4	234	12	20501.527	20.501527	False	0.492
4	235	1	25721.252	25.721252	False	0.415
4	235	2	15279.007	15.279007	False	0.133
4	235	3	13821.763	13.821763	False	0.133
4	235	4	3022.347	3.022347	False	0.133
4	235	5	17654.646	17.654646	False	0.133
4	236	1	4568.300	4.568300	False	0.133
4	236	2	21991.275	21.991275	False	0.454
4	236	3	19693.664	19.693664	False	0.433
4	236	4	25931.269	25.931269	False	0.465
4	236	5	3312.631	3.312631	False	0.133
4	236	6	18009.042	18.009042	False	0.133
4	236	7	3780.088	3.780088	False	0.133
4	236	8	18921.547	18.921547	False	0.506
4	236	9	18868.917	18.868917	False	0.509
4	236	10	11640.561	11.640561	False	0.133
4	236	11	16824.543	16.824543	False	0.435
4	236	12	17164.397	17.164397	False	0.516
4	236	13	19620.070	19.620070	False	0.458
4	237	1	16268.754	16.268754	False	0.454
4	237	2	20620.545	20.620545	False	0.428
4	237	3	10048.372	10.048372	False	0.447
4	237	4	2798.011	2.798011	False	0.447
4	237	5	12511.824	12.511824	False	0.434
4	237	6	2809.703	2.809703	False	0.447
4	238	1	4512.858	4.512858	False	0.133
4	238	2	1923.475	1.923475	False	0.133
4	238	3	17305.889	17.305889	False	0.433
4	238	4	2323.945	2.323945	False	0.133
4	238	5	13978.251	13.978251	False	0.133
4	238	6	16495.416	16.495416	False	0.482
4	238	7	10218.341	10.218341	False	0.133
4	238	8	10929.934	10.929934	False	0.433
4	238	9	17123.860	17.123860	False	0.133
4	238	10	27954.388	27.954388	False	0.473
4	238	11	2658.965	2.658965	False	0.133
4	239	1	13207.278	13.207278	False	0.133
4	239	2	22235.948	22.235948	False	0.463
4	239	3	12266.383	12.266383	False	0.133
4	239	4	23569.128	23.569128	False	0.133
4	239	5	16587.017	16.587017	False	0.133
4	239	6	2825.352	2.825352	False	0.133
4	240	1	15634.072	15.634072	False	0.133
4	240	2	14812.186	14.812186	False	0.435
4	240	3	13226.709	13.226709	False	0.133
4	240	4	10408.399	10.408399	False	0.435
4	240	5	10665.657	10.665657	False	0.432
4	240	6	1991.411	1.991411	False	0.432
4	240	7	3537.077	3.537077	False	0.432
4	241	1	12839.447	12.839447	False	0.133
4	241	2	18389.975	18.389975	False	0.462
4	241	3	7457.776	7.457776	False	0.442
4	241	4	2552.584	2.552584	False	0.442
4	241	5	19592.667	19.592667	False	0.46
4	241	6	11174.521	11.174521	False	0.133
4	241	7	18976.953	18.976953	False	0.45
4	242	1	13650.480	13.650480	False	0.133
4	242	2	7774.328	7.774328	False	0.474
4	242	3	17271.868	17.271868	False	0.44
4	242	4	13810.802	13.810802	True	0.783
4	243	1	9794.782	9.794782	False	0.133
4	243	2	10380.091	10.380091	False	0.133
4	243	3	13326.284	13.326284	False	0.133
4	243	4	2962.088	2.962088	False	0.133
4	244	1	18116.503	18.116503	False	0.436
4	244	2	20495.034	20.495034	False	0.393
4	244	3	10437.313	10.437313	False	0.436
4	244	4	15932.954	15.932954	False	0.436
4	244	5	8510.102	8.510102	False	0.133
4	244	6	2791.963	2.791963	False	0.436
4	245	1	22559.667	22.559667	False	0.44
4	245	2	21567.305	21.567305	False	0.482
4	245	3	20271.776	20.271776	False	0.443
4	245	4	11906.077	11.906077	False	0.424
4	245	5	2555.715	2.555715	False	0.44
4	245	6	14506.260	14.506260	False	0.133
4	245	7	1918.166	1.918166	False	0.44
4	246	1	23175.923	23.175923	False	0.349
4	246	2	4702.687	4.702687	False	0.133
4	246	3	18369.029	18.369029	False	0.465
4	246	4	13868.177	13.868177	False	0.133
4	246	5	19266.026	19.266026	False	0.435
4	246	6	4825.436	4.825436	False	0.133
4	246	7	15144.616	15.144616	False	0.133
4	246	8	16736.204	16.736204	False	0.432
4	247	1	18454.302	18.454302	False	0.133
4	247	2	15072.356	15.072356	False	0.476
4	247	3	10835.139	10.835139	False	0.133
4	247	4	20605.213	20.605213	False	0.406
4	247	5	15346.084	15.346084	False	0.386
4	247	6	2449.194	2.449194	False	0.133
4	247	7	23096.669	23.096669	False	0.47
4	248	1	20459.709	20.459709	False	0.444
4	248	2	14541.084	14.541084	False	0.133
4	248	3	21834.528	21.834528	False	0.49
4	248	4	2556.196	2.556196	False	0.133
4	248	5	15315.035	15.315035	False	0.477
4	248	6	10105.979	10.105979	False	0.444
4	248	7	18537.054	18.537054	False	0.458
4	248	8	21346.565	21.346565	False	0.431
4	249	1	22116.210	22.116210	False	0.435
4	249	2	16254.253	16.254253	False	0.371
4	249	3	10076.915	10.076915	False	0.133
4	249	4	19366.846	19.366846	False	0.395
4	249	5	15128.645	15.128645	False	0.133
4	249	6	4736.293	4.736293	False	0.133
4	250	1	11536.817	11.536817	False	0.133
4	250	2	9577.562	9.577562	False	0.424
4	250	3	2284.783	2.284783	False	0.424
4	250	4	2497.868	2.497868	False	0.424
4	250	5	3241.843	3.241843	False	0.424
4	250	6	18475.362	18.475362	False	0.482
4	250	7	18367.066	18.367066	False	0.521
4	250	8	17492.582	17.492582	False	0.375
4	250	9	13211.488	13.211488	False	0.424
4	250	10	20452.902	20.452902	False	0.429
4	250	11	19768.115	19.768115	False	0.45
4	250	12	20658.889	20.658889	False	0.523
4	251	1	11383.172	11.383172	False	0.133
4	251	2	15938.915	15.938915	False	0.422
4	251	3	12869.619	12.869619	False	0.133
4	251	4	11107.233	11.107233	False	0.422
4	251	5	11253.940	11.253940	False	0.422
4	251	6	11510.389	11.510389	False	0.422
4	251	7	3176.087	3.176087	False	0.422
4	252	1	12331.015	12.331015	False	0.133
4	252	2	20225.796	20.225796	False	0.428
4	252	3	23232.726	23.232726	False	0.449
4	252	4	12401.117	12.401117	True	0.855
4	253	1	23827.363	23.827363	False	0.416
4	253	2	19103.657	19.103657	False	0.419
4	253	3	11741.660	11.741660	False	0.133
4	253	4	18383.415	18.383415	False	0.435
4	253	5	2800.561	2.800561	False	0.416
4	253	6	11933.118	11.933118	False	0.133
4	253	7	10810.009	10.810009	False	0.416
4	253	8	4041.248	4.041248	False	0.416
4	253	9	17237.848	17.237848	False	0.133
4	254	1	14392.574	14.392574	False	0.133
4	254	2	20052.300	20.052300	False	0.437
4	254	3	19104.296	19.104296	False	0.415
4	254	4	28081.210	28.081210	False	0.484
4	254	5	15799.743	15.799743	False	0.341
4	254	6	19858.895	19.858895	False	0.454
4	254	7	24372.097	24.372097	False	0.447
4	254	8	20763.597	20.763597	False	0.46
4	254	9	4601.351	4.601351	False	0.133
4	255	1	18286.879	18.286879	False	0.479
4	255	2	20010.490	20.010490	False	0.512
4	255	3	19341.421	19.341421	False	0.419
4	255	4	16801.605	16.801605	False	0.467
4	255	5	7975.999	7.975999	False	0.425
4	255	6	16395.162	16.395162	False	0.466
4	255	7	9436.981	9.436981	False	0.499
4	256	1	8569.662	8.569662	False	0.133
4	256	2	16678.968	16.678968	False	0.387
4	256	3	21491.200	21.491200	False	0.394
4	256	4	16461.441	16.461441	False	0.503
4	256	5	16502.461	16.502461	False	0.431
4	256	6	2488.828	2.488828	False	0.431
4	256	7	22359.974	22.359974	False	0.471
4	256	8	11461.357	11.461357	False	0.431
4	256	9	17370.493	17.370493	False	0.133
4	257	1	10166.754	10.166754	False	0.43
4	257	2	11774.323	11.774323	True	0.831
4	258	1	13467.474	13.467474	False	0.133
4	258	2	16882.563	16.882563	False	0.396
4	258	3	17914.595	17.914595	False	0.464
4	258	4	19721.364	19.721364	False	0.433
4	258	5	19780.356	19.780356	False	0.366
4	258	6	29748.234	29.748234	False	0.415
4	258	7	14181.550	14.181550	False	0.133
4	258	8	15565.692	15.565692	False	0.133
4	259	1	13330.831	13.330831	False	0.133
4	259	2	17178.414	17.178414	False	0.451
4	259	3	7813.160	7.813160	False	0.433
4	259	4	5382.609	5.382609	False	0.433
4	259	5	22065.926	22.065926	False	0.408
4	259	6	2713.907	2.713907	False	0.433
4	259	7	34823.454	34.823454	False	0.456
4	260	1	17734.696	17.734696	False	0.468
4	260	2	9706.432	9.706432	False	0.424
4	260	3	16001.302	16.001302	False	0.424
4	260	4	3795.021	3.795021	False	0.424
4	260	5	11512.282	11.512282	False	0.424
4	260	6	16527.643	16.527643	False	0.418
4	261	1	19564.640	19.564640	False	0.474
4	261	2	18691.986	18.691986	False	0.433
4	261	3	13389.511	13.389511	False	0.133
4	261	4	25719.679	25.719679	False	0.422
4	261	5	21041.893	21.041893	False	0.426
4	261	6	38185.999	38.185999	False	0.422
4	262	1	22255.912	22.255912	False	0.465
4	262	2	18614.616	18.614616	False	0.46
4	262	3	18724.444	18.724444	False	0.435
4	262	4	3766.951	3.766951	False	0.435
4	262	5	2633.157	2.633157	False	0.435
4	262	6	10661.232	10.661232	False	0.435
4	263	1	14783.230	14.783230	False	0.421
4	263	2	20872.698	20.872698	False	0.43
4	263	3	26491.303	26.491303	False	0.442
4	263	4	19162.561	19.162561	False	0.396
4	263	5	18259.063	18.259063	False	0.43
4	263	6	18277.038	18.277038	False	0.382
4	263	7	10805.709	10.805709	False	0.426
4	263	8	22914.480	22.914480	False	0.423
4	264	1	15456.860	15.456860	False	0.398
4	264	2	19712.118	19.712118	False	0.425
4	264	3	9986.007	9.986007	False	0.423
4	264	4	14008.030	14.008030	False	0.425
4	264	5	20137.743	20.137743	False	0.385
4	264	6	18820.996	18.820996	False	0.432
4	264	7	4226.932	4.226932	False	0.423
4	265	1	8621.661	8.621661	False	0.431
4	265	2	20810.488	20.810488	False	0.431
4	265	3	2782.953	2.782953	False	0.431
4	265	4	17249.729	17.249729	False	0.421
4	265	5	21256.429	21.256429	False	0.39
4	265	6	9259.418	9.259418	False	0.133
4	266	1	20360.335	20.360335	False	0.43
4	266	2	21693.687	21.693687	False	0.443
4	266	3	8601.105	8.601105	False	0.443
4	266	4	8998.726	8.998726	False	0.429
4	266	5	17492.147	17.492147	False	0.422
4	266	6	31396.088	31.396088	False	0.462
4	266	7	16334.095	16.334095	False	0.435
4	266	8	3264.865	3.264865	False	0.429
4	266	9	3063.222	3.063222	False	0.429
4	266	10	19416.983	19.416983	False	0.432
4	266	11	18585.873	18.585873	False	0.431
4	267	1	19193.690	19.193690	False	0.421
4	267	2	16634.804	16.634804	False	0.427
4	267	3	2912.888	2.912888	False	0.427
4	267	4	4862.849	4.862849	False	0.427
4	267	5	21782.037	21.782037	False	0.445
4	267	6	15168.805	15.168805	False	0.427
4	267	7	18627.782	18.627782	False	0.483
4	267	8	21069.977	21.069977	False	0.495
4	267	9	27664.943	27.664943	False	0.475
4	267	10	20031.328	20.031328	False	0.406
4	267	11	20863.130	20.863130	False	0.435
4	267	12	2314.463	2.314463	False	0.427
4	267	13	2405.056	2.405056	False	0.427
4	268	1	17544.160	17.544160	False	0.422
4	268	2	13892.543	13.892543	False	0.133
4	268	3	3203.959	3.203959	False	0.422
4	268	4	19092.470	19.092470	False	0.476
4	268	5	3538.217	3.538217	False	0.422
4	268	6	16083.724	16.083724	False	0.474
4	268	7	2915.090	2.915090	False	0.422
4	268	8	19892.371	19.892371	False	0.394
4	268	9	19314.089	19.314089	False	0.43
4	269	1	18744.799	18.744799	False	0.414
4	269	2	17075.882	17.075882	False	0.133
4	269	3	21381.557	21.381557	False	0.417
4	269	4	21419.194	21.419194	False	0.425
4	269	5	14746.733	14.746733	False	0.133
4	269	6	2878.007	2.878007	False	0.133
4	269	7	11352.654	11.352654	False	0.133
4	269	8	15929.405	15.929405	False	0.461
4	269	9	26546.233	26.546233	False	0.538
4	269	10	1896.197	1.896197	False	0.133
4	269	11	9780.452	9.780452	False	0.133
4	269	12	18455.205	18.455205	False	0.453
4	269	13	4116.882	4.116882	False	0.133
4	269	14	20187.313	20.187313	False	0.478
4	270	1	17163.236	17.163236	False	0.457
4	270	2	19315.592	19.315592	False	0.386
4	270	3	17645.549	17.645549	False	0.481
4	270	4	11200.635	11.200635	False	0.416
4	270	5	19183.493	19.183493	False	0.441
4	270	6	13672.898	13.672898	False	0.397
4	270	7	9138.634	9.138634	False	0.416
4	270	8	23724.152	23.724152	False	0.411
4	271	1	17918.636	17.918636	False	0.418
4	271	2	21487.640	21.487640	False	0.428
4	271	3	2519.324	2.519324	False	0.418
4	271	4	13772.322	13.772322	False	0.418
4	271	5	17161.580	17.161580	False	0.428
4	271	6	12016.264	12.016264	False	0.428
4	272	1	16332.719	16.332719	False	0.431
4	272	2	16480.857	16.480857	False	0.429
4	272	3	19906.933	19.906933	False	0.454
4	272	4	18039.012	18.039012	False	0.419
4	272	5	10099.620	10.099620	False	0.419
4	272	6	3598.818	3.598818	False	0.419
4	272	7	11745.742	11.745742	False	0.434
4	272	8	11556.539	11.556539	False	0.133
4	273	1	16311.718	16.311718	False	0.434
4	273	2	16583.253	16.583253	False	0.133
4	273	3	18009.788	18.009788	False	0.355
4	273	4	19678.880	19.678880	False	0.497
4	273	5	19620.539	19.620539	False	0.422
4	273	6	16894.824	16.894824	False	0.482
4	273	7	19706.291	19.706291	False	0.421
4	273	8	3763.152	3.763152	False	0.422
4	273	9	17562.269	17.562269	False	0.431
4	274	1	16500.448	16.500448	False	0.387
4	274	2	20125.193	20.125193	False	0.46
4	274	3	15538.460	15.538460	False	0.426
4	274	4	10073.901	10.073901	False	0.426
4	274	5	17905.860	17.905860	False	0.444
4	274	6	19189.987	19.189987	False	0.454
4	274	7	19315.822	19.315822	False	0.459
4	275	1	19053.446	19.053446	False	0.482
4	275	2	7927.754	7.927754	False	0.432
4	275	3	16697.639	16.697639	False	0.477
4	275	4	9621.128	9.621128	False	0.451
4	275	5	16987.351	16.987351	False	0.437
4	275	6	3535.789	3.535789	False	0.451
4	276	1	12707.588	12.707588	False	0.133
4	276	2	16757.073	16.757073	False	0.452
4	276	3	9664.438	9.664438	False	0.441
4	276	4	12495.939	12.495939	False	0.133
4	276	5	12641.772	12.641772	False	0.133
4	276	6	2488.640	2.488640	False	0.441
4	276	7	11332.490	11.332490	False	0.441
4	277	1	12598.924	12.598924	False	0.133
4	277	2	21427.129	21.427129	False	0.507
4	277	3	17771.941	17.771941	False	0.433
4	277	4	5020.958	5.020958	False	0.433
4	277	5	3928.637	3.928637	False	0.433
4	277	6	10780.806	10.780806	False	0.133
4	277	7	2822.687	2.822687	False	0.433
4	278	1	16758.397	16.758397	False	0.133
4	278	2	16962.646	16.962646	False	0.455
4	278	3	16139.132	16.139132	False	0.452
4	278	4	22877.023	22.877023	False	0.473
4	278	5	20386.199	20.386199	False	0.498
4	278	6	10093.328	10.093328	False	0.429
4	278	7	12602.572	12.602572	False	0.429
4	278	8	17879.843	17.879843	False	0.364
4	278	9	18183.032	18.183032	False	0.513
4	278	10	17791.290	17.791290	False	0.446
4	278	11	10509.029	10.509029	False	0.429
4	278	12	15270.218	15.270218	False	0.492
4	278	13	7175.431	7.175431	False	0.429
4	278	14	17592.034	17.592034	False	0.493
4	279	1	19241.839	19.241839	False	0.442
4	279	2	19541.976	19.541976	False	0.473
4	279	3	18178.701	18.178701	False	0.434
4	279	4	21878.654	21.878654	False	0.472
4	279	5	18191.181	18.191181	False	0.459
4	279	6	10908.024	10.908024	False	0.473
4	279	7	17438.247	17.438247	False	0.428
4	280	1	4142.023	4.142023	False	0.133
4	280	2	18377.463	18.377463	False	0.426
4	280	3	19578.522	19.578522	False	0.534
4	280	4	20609.022	20.609022	False	0.456
4	280	5	17668.918	17.668918	False	0.409
4	280	6	10263.270	10.263270	False	0.426
4	280	7	11655.271	11.655271	False	0.133
4	280	8	2451.893	2.451893	False	0.133
4	281	1	7537.750	7.537750	False	0.434
4	281	2	18886.562	18.886562	False	0.53
4	281	3	16600.645	16.600645	False	0.439
4	281	4	17436.842	17.436842	False	0.438
4	281	5	16912.133	16.912133	False	0.47
4	281	6	2052.463	2.052463	False	0.434
4	281	7	14256.974	14.256974	False	0.434
4	282	1	17046.611	17.046611	False	0.498
4	282	2	17416.930	17.416930	False	0.418
4	282	3	9966.701	9.966701	False	0.413
4	282	4	11598.424	11.598424	False	0.418
4	282	5	12068.157	12.068157	False	0.418
4	282	6	10911.844	10.911844	False	0.413
4	283	1	19438.297	19.438297	False	0.44
4	283	2	9755.438	9.755438	False	0.433
4	283	3	29467.592	29.467592	False	0.461
4	283	4	18102.896	18.102896	False	0.44
4	283	5	16516.462	16.516462	False	0.447
4	283	6	12376.203	12.376203	False	0.433
4	283	7	5193.779	5.193779	False	0.433
4	283	8	15798.487	15.798487	False	0.452
4	284	1	18656.565	18.656565	False	0.491
4	284	2	16605.512	16.605512	False	0.447
4	284	3	7491.342	7.491342	False	0.439
4	284	4	18606.187	18.606187	False	0.45
4	284	5	18239.833	18.239833	False	0.467
4	284	6	13055.952	13.055952	False	0.513
4	284	7	14801.660	14.801660	False	0.447
4	284	8	4712.454	4.712454	False	0.439
4	284	9	12786.019	12.786019	False	0.133
4	284	10	12444.787	12.444787	False	0.447
4	284	11	19746.357	19.746357	False	0.422
4	285	1	10294.747	10.294747	False	0.441
4	285	2	18185.356	18.185356	False	0.441
4	285	3	18328.588	18.328588	False	0.448
4	285	4	18302.087	18.302087	False	0.441
4	285	5	3138.521	3.138521	False	0.441
4	285	6	35765.973	35.765973	False	0.432
4	286	1	17992.695	17.992695	False	0.43
4	286	2	13590.258	13.590258	False	0.43
4	286	3	20328.900	20.328900	False	0.444
4	286	4	18922.130	18.922130	False	0.458
4	286	5	16211.480	16.211480	False	0.43
4	286	6	15478.729	15.478729	False	0.133
4	286	7	14573.559	14.573559	False	0.133
4	286	8	13804.901	13.804901	False	0.462
4	286	9	17840.817	17.840817	False	0.427
4	287	1	8771.780	8.771780	False	0.446
4	287	2	18100.276	18.100276	False	0.445
4	287	3	14478.404	14.478404	False	0.479
4	287	4	16047.719	16.047719	False	0.479
4	287	5	14767.754	14.767754	False	0.514
4	287	6	10095.723	10.095723	False	0.434
4	287	7	13932.519	13.932519	False	0.456
4	287	8	18936.672	18.936672	False	0.476
4	287	9	18782.085	18.782085	False	0.433
4	287	10	16972.948	16.972948	False	0.485
4	288	1	20262.330	20.262330	False	0.479
4	288	2	22564.222	22.564222	False	0.407
4	288	3	8614.785	8.614785	False	0.441
4	288	4	13274.716	13.274716	False	0.441
4	288	5	15615.265	15.615265	False	0.471
4	288	6	24672.331	24.672331	False	0.469
4	289	1	16986.827	16.986827	False	0.44
4	289	2	11092.142	11.092142	False	0.44
4	289	3	13514.185	13.514185	False	0.133
4	289	4	10196.394	10.196394	False	0.44
4	289	5	22099.816	22.099816	False	0.47
4	289	6	17191.849	17.191849	False	0.447
4	289	7	15496.344	15.496344	False	0.133
4	289	8	24532.401	24.532401	False	0.425
4	289	9	10131.190	10.131190	False	0.447
4	289	10	10027.908	10.027908	False	0.447
4	290	1	17973.202	17.973202	False	0.436
4	290	2	18693.628	18.693628	False	0.445
4	290	3	13401.504	13.401504	False	0.448
4	290	4	8986.613	8.986613	False	0.133
4	290	5	3668.929	3.668929	False	0.436
4	290	6	14371.615	14.371615	False	0.133
4	290	7	19940.509	19.940509	False	0.506
4	290	8	3345.592	3.345592	False	0.436
4	290	9	3441.282	3.441282	False	0.436
4	290	10	18231.275	18.231275	False	0.436
4	290	11	13345.718	13.345718	False	0.432
4	290	12	18807.356	18.807356	False	0.397
4	291	1	20288.112	20.288112	False	0.473
4	291	2	18026.978	18.026978	False	0.493
4	291	3	9248.422	9.248422	False	0.436
4	291	4	11235.903	11.235903	False	0.436
4	291	5	14788.863	14.788863	False	0.436
4	291	6	14886.681	14.886681	True	0.817
4	292	1	10495.126	10.495126	False	0.438
4	292	2	14876.729	14.876729	False	0.482
4	292	3	17165.749	17.165749	False	0.455
4	292	4	18730.823	18.730823	False	0.45
4	292	5	2147.660	2.147660	False	0.438
4	292	6	13605.912	13.605912	False	0.438
4	292	7	17664.774	17.664774	False	0.507
4	292	8	16899.210	16.899210	False	0.453
4	292	9	18134.500	18.134500	False	0.427
4	292	10	13802.319	13.802319	False	0.438
4	292	11	12909.416	12.909416	False	0.472
4	292	12	15572.022	15.572022	False	0.438
4	293	1	10514.950	10.514950	False	0.133
4	293	2	16471.574	16.471574	False	0.435
4	293	3	16053.874	16.053874	False	0.384
4	293	4	15841.851	15.841851	False	0.368
4	293	5	18914.478	18.914478	False	0.457
4	293	6	22131.783	22.131783	False	0.44
4	293	7	18619.312	18.619312	False	0.418
4	293	8	4188.255	4.188255	False	0.435
4	293	9	17845.576	17.845576	False	0.442
4	293	10	10014.181	10.014181	False	0.435
4	294	1	14344.600	14.344600	False	0.133
4	294	2	17921.078	17.921078	False	0.476
4	294	3	16714.056	16.714056	False	0.435
4	294	4	15154.742	15.154742	False	0.455
4	294	5	8240.220	8.240220	False	0.429
4	294	6	23242.555	23.242555	False	0.431
4	294	7	13362.001	13.362001	False	0.429
4	295	1	18422.947	18.422947	False	0.412
4	295	2	18659.611	18.659611	False	0.416
4	295	3	4064.603	4.064603	False	0.416
4	295	4	11246.434	11.246434	False	0.416
4	295	5	17645.426	17.645426	False	0.439
4	295	6	15493.440	15.493440	False	0.375
4	295	7	15439.945	15.439945	False	0.437
4	295	8	17183.911	17.183911	False	0.458
4	295	9	17218.737	17.218737	False	0.476
4	295	10	14761.231	14.761231	False	0.452
4	295	11	14842.420	14.842420	False	0.48
4	295	12	16861.547	16.861547	False	0.424
4	295	13	11507.778	11.507778	False	0.133
4	295	14	20049.460	20.049460	False	0.453
4	296	1	17962.836	17.962836	False	0.426
4	296	2	28738.941	28.738941	False	0.431
4	296	3	10826.640	10.826640	False	0.133
4	296	4	16431.216	16.431216	False	0.467
4	296	5	2455.718	2.455718	False	0.426
4	296	6	20046.873	20.046873	False	0.401
4	296	7	18870.829	18.870829	False	0.41
4	296	8	27009.339	27.009339	False	0.415
4	296	9	15048.913	15.048913	False	0.451
4	297	1	16258.889	16.258889	False	0.133
4	297	2	21275.398	21.275398	False	0.421
4	297	3	21992.981	21.992981	False	0.463
4	297	4	3432.711	3.432711	False	0.421
4	297	5	19941.125	19.941125	False	0.481
4	297	6	18790.078	18.790078	False	0.482
4	297	7	14827.586	14.827586	False	0.133
4	297	8	14152.754	14.152754	False	0.133
4	297	9	16131.958	16.131958	False	0.444
4	297	10	7813.679	7.813679	False	0.432
4	298	1	9261.307	9.261307	False	0.43
4	298	2	12074.343	12.074343	False	0.446
4	298	3	16439.090	16.439090	False	0.516
4	298	4	17865.996	17.865996	False	0.43
4	298	5	21971.866	21.971866	False	0.474
4	298	6	17324.906	17.324906	False	0.506
4	298	7	20593.455	20.593455	False	0.398
4	298	8	13434.451	13.434451	False	0.133
4	299	1	8842.670	8.842670	False	0.428
4	299	2	20585.634	20.585634	False	0.434
4	299	3	16122.206	16.122206	False	0.328
4	299	4	10589.811	10.589811	False	0.428
4	299	5	19988.905	19.988905	False	0.442
4	299	6	24100.838	24.100838	False	0.378
4	299	7	3254.309	3.254309	False	0.428
4	299	8	9888.026	9.888026	False	0.432
4	299	9	18112.029	18.112029	False	0.432
4	299	10	15909.338	15.909338	False	0.34
4	300	1	23629.419	23.629419	True	0.815
4	301	1	3127.524	3.127524	False	0.133
4	301	2	14898.966	14.898966	True	0.879
4	302	1	19716.849	19.716849	False	0.133
4	302	2	20347.281	20.347281	False	0.547
4	302	3	26614.376	26.614376	False	0.515
4	302	4	17590.099	17.590099	False	0.484
4	302	5	16024.816	16.024816	False	0.552
4	302	6	25201.418	25.201418	False	0.557
4	302	7	14502.787	14.502787	False	0.133
4	303	1	15199.419	15.199419	True	0.918
4	304	1	10288.916	10.288916	False	0.42
4	304	2	27020.747	27.020747	False	0.467
4	304	3	2623.558	2.623558	False	0.42
4	304	4	17705.051	17.705051	False	0.432
4	304	5	12462.903	12.462903	False	0.42
4	304	6	22678.038	22.678038	False	0.426
4	304	7	18797.844	18.797844	False	0.42
4	305	1	9045.150	9.045150	False	0.452
4	305	2	14214.965	14.214965	False	0.495
4	305	3	16074.429	16.074429	False	0.437
4	305	4	22138.335	22.138335	False	0.555
4	305	5	19932.032	19.932032	False	0.482
4	305	6	2859.114	2.859114	False	0.452
4	305	7	17223.294	17.223294	False	0.448
4	305	8	5815.040	5.815040	False	0.452
4	305	9	2805.606	2.805606	False	0.452
4	306	1	3197.695	3.197695	False	0.133
4	306	2	3362.436	3.362436	False	0.133
4	306	3	11077.121	11.077121	False	0.133
4	306	4	16173.196	16.173196	False	0.133
4	307	1	42897.241	42.897241	False	0.48
4	307	2	15604.081	15.604081	False	0.133
4	307	3	14718.607	14.718607	False	0.133
4	307	4	16602.857	16.602857	False	0.133
4	307	5	21462.597	21.462597	False	0.492
4	307	6	14108.484	14.108484	False	0.133
4	307	7	16046.208	16.046208	False	0.133
4	307	8	14650.625	14.650625	False	0.133
4	307	9	18838.748	18.838748	False	0.471
4	307	10	10353.605	10.353605	False	0.133
4	308	1	22686.973	22.686973	False	0.403
4	308	2	12526.896	12.526896	False	0.133
4	308	3	1911.689	1.911689	False	0.133
4	308	4	19568.206	19.568206	False	0.504
4	308	5	17301.287	17.301287	False	0.419
4	308	6	11259.816	11.259816	False	0.133
4	308	7	17407.237	17.407237	False	0.412
4	308	8	15871.925	15.871925	False	0.133
4	308	9	13105.238	13.105238	False	0.133
4	309	1	37348.044	37.348044	False	0.456
4	309	2	25686.126	25.686126	False	0.505
4	309	3	34605.550	34.605550	False	0.498
4	309	4	12979.073	12.979073	False	0.133
4	309	5	12977.151	12.977151	False	0.133
4	309	6	21737.494	21.737494	False	0.482
4	309	7	11988.694	11.988694	False	0.133
4	310	1	16899.559	16.899559	False	0.557
4	310	2	5176.420	5.176420	False	0.133
4	310	3	3476.811	3.476811	False	0.133
4	310	4	8413.118	8.413118	False	0.133
4	310	5	12293.428	12.293428	False	0.133
4	311	1	19230.872	19.230872	False	0.453
4	311	2	13914.822	13.914822	False	0.133
4	311	3	11398.705	11.398705	False	0.133
4	311	4	16512.711	16.512711	False	0.133
4	311	5	7357.773	7.357773	False	0.133
4	312	1	7935.136	7.935136	True	0.766
4	313	1	12677.744	12.677744	False	0.133
4	313	2	25074.255	25.074255	False	0.408
4	313	3	10035.982	10.035982	False	0.408
4	313	4	11780.637	11.780637	False	0.408
4	313	5	21549.746	21.549746	False	0.476
4	313	6	19365.993	19.365993	False	0.398
4	313	7	12231.246	12.231246	False	0.408
4	313	8	10990.204	10.990204	False	0.133
4	313	9	5947.496	5.947496	False	0.408
4	313	10	17154.707	17.154707	False	0.429
4	314	1	23054.473	23.054473	False	0.477
4	314	2	14059.103	14.059103	False	0.491
4	314	3	12711.628	12.711628	False	0.133
4	314	4	2792.725	2.792725	False	0.133
4	314	5	20265.027	20.265027	False	0.459
4	314	6	16214.822	16.214822	False	0.133
4	314	7	15433.820	15.433820	False	0.133
4	315	1	17198.920	17.198920	False	0.382
4	315	2	21931.307	21.931307	False	0.439
4	315	3	10437.313	10.437313	False	0.382
4	315	4	9226.921	9.226921	False	0.382
4	315	5	16118.542	16.118542	False	0.392
4	315	6	23384.876	23.384876	False	0.453
4	315	7	15315.891	15.315891	False	0.133
4	315	8	23635.852	23.635852	False	0.402
4	315	9	14122.437	14.122437	False	0.133
4	315	10	18690.154	18.690154	False	0.497
4	315	11	17252.527	17.252527	False	0.432
4	315	12	3054.491	3.054491	False	0.382
4	315	13	15408.894	15.408894	False	0.435
4	315	14	3267.549	3.267549	False	0.382
4	315	15	5683.813	5.683813	False	0.382
4	316	1	20757.217	20.757217	False	0.381
4	316	2	5819.380	5.819380	False	0.133
4	316	3	14697.633	14.697633	False	0.133
4	316	4	11188.842	11.188842	False	0.133
4	316	5	17569.723	17.569723	False	0.443
4	316	6	3128.595	3.128595	False	0.133
4	316	7	21872.250	21.872250	False	0.465
4	316	8	13317.456	13.317456	False	0.133
4	316	9	15881.849	15.881849	False	0.133
4	316	10	17215.873	17.215873	False	0.45
4	316	11	17457.221	17.457221	False	0.487
4	316	12	21894.942	21.894942	False	0.384
4	316	13	13731.157	13.731157	False	0.133
4	316	14	12924.457	12.924457	False	0.133
4	316	15	14896.343	14.896343	False	0.133
4	316	16	12324.370	12.324370	False	0.133
4	317	1	13246.350	13.246350	False	0.133
4	317	2	14416.340	14.416340	False	0.133
4	317	3	11175.424	11.175424	False	0.133
4	317	4	15108.338	15.108338	False	0.133
4	318	1	16006.500	16.006500	False	0.133
4	318	2	13019.340	13.019340	False	0.133
4	318	3	9368.667	9.368667	False	0.133
4	318	4	14593.222	14.593222	False	0.475
4	318	5	17550.097	17.550097	False	0.47
4	318	6	2443.738	2.443738	False	0.475
4	318	7	13607.330	13.607330	False	0.133
4	318	8	6186.432	6.186432	False	0.475
4	318	9	18177.497	18.177497	False	0.423
4	319	1	12462.152	12.462152	False	0.133
4	319	2	11258.700	11.258700	False	0.133
4	319	3	28643.314	28.643314	False	0.488
4	319	4	35185.444	35.185444	False	0.475
4	319	5	18237.927	18.237927	False	0.416
4	319	6	10480.015	10.480015	False	0.133
4	319	7	9688.766	9.688766	False	0.133
4	319	8	15065.925	15.065925	False	0.133
4	320	1	12408.883	12.408883	False	0.133
4	320	2	7648.052	7.648052	False	0.415
4	320	3	17819.902	17.819902	False	0.427
4	320	4	13972.207	13.972207	False	0.133
4	320	5	3900.575	3.900575	False	0.415
4	320	6	2426.687	2.426687	False	0.415
4	320	7	27993.715	27.993715	True	0.746
4	321	1	19042.040	19.042040	False	0.402
4	321	2	4156.260	4.156260	False	0.133
4	321	3	16335.127	16.335127	False	0.133
4	321	4	21214.977	21.214977	False	0.474
4	321	5	21316.473	21.316473	False	0.133
4	321	6	1827.088	1.827088	False	0.133
4	321	7	3139.497	3.139497	False	0.133
4	321	8	18037.148	18.037148	False	0.449
4	321	9	27601.325	27.601325	False	0.547
4	321	10	12590.163	12.590163	False	0.133
4	321	11	2678.734	2.678734	False	0.133
4	321	12	3058.672	3.058672	False	0.133
4	321	13	14316.758	14.316758	False	0.513
4	321	14	13125.771	13.125771	False	0.133
4	322	1	9441.262	9.441262	False	0.469
4	322	2	22394.301	22.394301	False	0.425
4	322	3	24038.901	24.038901	False	0.5
4	322	4	12683.108	12.683108	False	0.133
4	322	5	21142.335	21.142335	False	0.45
4	322	6	23813.856	23.813856	False	0.482
4	322	7	4559.541	4.559541	False	0.469
4	322	8	9788.664	9.788664	False	0.469
4	323	1	15927.374	15.927374	False	0.429
4	323	2	12692.647	12.692647	True	0.686
4	324	1	23200.000	23.200000	False	0.445
4	324	2	15056.084	15.056084	False	0.133
4	324	3	18428.124	18.428124	False	0.447
4	324	4	21166.097	21.166097	False	0.368
4	324	5	20770.916	20.770916	False	0.411
4	324	6	9946.356	9.946356	False	0.433
4	325	1	18373.749	18.373749	False	0.416
4	325	2	24806.479	24.806479	False	0.511
4	325	3	10306.606	10.306606	False	0.47
4	325	4	21049.663	21.049663	False	0.45
4	325	5	1767.547	1.767547	False	0.47
4	325	6	15049.334	15.049334	False	0.448
4	325	7	3362.404	3.362404	False	0.47
4	326	1	15803.718	15.803718	False	0.133
4	326	2	15486.345	15.486345	False	0.351
4	326	3	18234.075	18.234075	False	0.133
4	326	4	16695.362	16.695362	True	0.757
4	327	1	4072.091	4.072091	False	0.133
4	327	2	4060.790	4.060790	False	0.133
4	327	3	14564.210	14.564210	False	0.133
4	327	4	13584.638	13.584638	False	0.397
4	327	5	2622.862	2.622862	False	0.133
4	327	6	4591.258	4.591258	False	0.133
4	327	7	11325.698	11.325698	False	0.133
4	327	8	3128.415	3.128415	False	0.133
4	328	1	4287.659	4.287659	False	0.133
4	328	2	11295.818	11.295818	False	0.133
4	328	3	2808.035	2.808035	False	0.133
4	328	4	16802.328	16.802328	False	0.425
4	328	5	13628.527	13.628527	False	0.133
4	328	6	13993.151	13.993151	False	0.406
4	328	7	13575.123	13.575123	False	0.426
4	328	8	11687.614	11.687614	False	0.133
4	328	9	9890.925	9.890925	False	0.133
4	329	1	4683.091	4.683091	False	0.133
4	329	2	2765.072	2.765072	False	0.133
4	329	3	15459.639	15.459639	False	0.133
4	329	4	12473.972	12.473972	False	0.133
4	330	1	25059.981	25.059981	False	0.454
4	330	2	14278.772	14.278772	False	0.436
4	330	3	16263.567	16.263567	False	0.507
4	330	4	40280.602	40.280602	False	0.51
4	330	5	18069.083	18.069083	False	0.133
4	330	6	16452.938	16.452938	False	0.474
4	330	7	4606.129	4.606129	False	0.133
4	330	8	13098.581	13.098581	False	0.133
4	331	1	19292.158	19.292158	False	0.432
4	331	2	6678.486	6.678486	False	0.133
4	331	3	1328.883	1.328883	False	0.133
4	331	4	15346.817	15.346817	False	0.133
4	331	5	12704.427	12.704427	False	0.133
4	332	1	19055.821	19.055821	False	0.405
4	332	2	3265.754	3.265754	False	0.133
4	332	3	3154.593	3.154593	False	0.133
4	332	4	1614.703	1.614703	False	0.133
4	332	5	16614.627	16.614627	False	0.424
4	332	6	12361.006	12.361006	False	0.133
4	332	7	3726.651	3.726651	False	0.133
4	332	8	17970.124	17.970124	False	0.444
4	332	9	1727.004	1.727004	False	0.133
4	332	10	17647.972	17.647972	False	0.133
4	332	11	18521.796	18.521796	False	0.462
4	332	12	10977.595	10.977595	False	0.133
4	332	13	3704.191	3.704191	False	0.133
4	332	14	2593.386	2.593386	False	0.133
4	332	15	1714.018	1.714018	False	0.133
4	333	1	22023.609	22.023609	False	0.392
4	333	2	3940.047	3.940047	False	0.133
4	333	3	2836.194	2.836194	False	0.133
4	333	4	11405.863	11.405863	False	0.133
4	333	5	16251.884	16.251884	True	0.78
4	334	1	16558.628	16.558628	False	0.466
4	334	2	16149.610	16.149610	False	0.133
4	334	3	1839.495	1.839495	False	0.133
4	334	4	31467.671	31.467671	False	0.475
4	334	5	19219.054	19.219054	False	0.4
4	334	6	3741.643	3.741643	False	0.133
4	335	1	15121.043	15.121043	False	0.465
4	335	2	13323.299	13.323299	False	0.52
4	335	3	11721.590	11.721590	False	0.133
4	335	4	3017.904	3.017904	False	0.52
4	335	5	12594.573	12.594573	False	0.133
4	335	6	22756.432	22.756432	False	0.516
4	335	7	28171.148	28.171148	False	0.52
4	336	1	8610.166	8.610166	False	0.537
4	336	2	4113.156	4.113156	False	0.537
4	336	3	11507.203	11.507203	False	0.133
4	336	4	2948.640	2.948640	False	0.537
4	336	5	13985.880	13.985880	False	0.133
4	336	6	2792.093	2.792093	False	0.537
4	337	1	14073.432	14.073432	False	0.133
4	337	2	22738.550	22.738550	False	0.468
4	337	3	4766.967	4.766967	False	0.133
4	337	4	15082.589	15.082589	False	0.133
4	337	5	13362.013	13.362013	False	0.133
4	337	6	27380.267	27.380267	False	0.417
4	337	7	13446.495	13.446495	False	0.432
4	338	1	20214.681	20.214681	False	0.484
4	338	2	4638.114	4.638114	False	0.133
4	338	3	21931.188	21.931188	False	0.43
4	338	4	7474.044	7.474044	False	0.133
4	338	5	4280.219	4.280219	False	0.133
4	338	6	11238.431	11.238431	False	0.133
4	339	1	15688.003	15.688003	False	0.406
4	339	2	14819.299	14.819299	False	0.389
4	339	3	14123.859	14.123859	False	0.421
4	339	4	4791.973	4.791973	False	0.133
4	339	5	6093.723	6.093723	False	0.133
4	339	6	14018.249	14.018249	False	0.133
4	339	7	20152.392	20.152392	False	0.461
4	339	8	2663.244	2.663244	False	0.133
4	339	9	4696.708	4.696708	False	0.133
4	339	10	21242.749	21.242749	False	0.428
4	339	11	13808.464	13.808464	False	0.432
4	339	12	3971.750	3.971750	False	0.133
4	340	1	18085.386	18.085386	False	0.498
4	340	2	3218.152	3.218152	False	0.133
4	340	3	1541.638	1.541638	False	0.133
4	340	4	17791.777	17.791777	False	0.489
4	340	5	3930.096	3.930096	False	0.133
4	340	6	14973.022	14.973022	True	0.864
4	341	1	20291.599	20.291599	False	0.517
4	341	2	15207.422	15.207422	False	0.133
4	341	3	19881.034	19.881034	False	0.514
4	341	4	41796.192	41.796192	False	0.483
4	341	5	20218.284	20.218284	False	0.412
4	341	6	2966.400	2.966400	False	0.133
4	342	1	3355.404	3.355404	False	0.133
4	342	2	10977.743	10.977743	False	0.133
4	342	3	3770.546	3.770546	False	0.133
4	342	4	6128.637	6.128637	False	0.133
4	343	1	18552.571	18.552571	False	0.482
4	343	2	14204.344	14.204344	False	0.495
4	343	3	12059.654	12.059654	False	0.528
4	343	4	2145.773	2.145773	False	0.133
4	343	5	15607.637	15.607637	False	0.133
4	343	6	16023.020	16.023020	False	0.524
4	343	7	11972.374	11.972374	False	0.133
4	343	8	13712.447	13.712447	False	0.133
4	344	1	8073.061	8.073061	False	0.492
4	344	2	13499.697	13.499697	False	0.492
4	344	3	17686.898	17.686898	False	0.474
4	344	4	3508.555	3.508555	False	0.492
4	344	5	14747.247	14.747247	True	0.758
4	345	1	11442.500	11.442500	False	0.133
4	345	2	6069.665	6.069665	False	0.133
4	345	3	16676.995	16.676995	False	0.133
4	345	4	2973.363	2.973363	False	0.133
4	346	1	7169.063	7.169063	False	0.468
4	346	2	4751.257	4.751257	False	0.468
4	346	3	25415.959	25.415959	False	0.455
4	346	4	2953.688	2.953688	False	0.468
4	346	5	12945.601	12.945601	False	0.468
4	346	6	17872.442	17.872442	False	0.339
4	347	1	3853.193	3.853193	False	0.133
4	347	2	2928.787	2.928787	False	0.133
4	347	3	19673.680	19.673680	False	0.526
4	347	4	11557.683	11.557683	False	0.133
4	347	5	22291.609	22.291609	False	0.312
4	347	6	15963.949	15.963949	False	0.445
4	347	7	4006.245	4.006245	False	0.133
4	347	8	15759.819	15.759819	False	0.455
4	348	1	5379.079	5.379079	False	0.133
4	348	2	2583.551	2.583551	False	0.133
4	348	3	2241.007	2.241007	False	0.133
4	348	4	21881.082	21.881082	False	0.438
4	348	5	22128.814	22.128814	False	0.547
4	348	6	18064.469	18.064469	False	0.133
4	348	7	10676.443	10.676443	False	0.133
4	348	8	3331.567	3.331567	False	0.133
4	348	9	42667.441	42.667441	True	0.852
4	349	1	4210.506	4.210506	False	0.133
4	349	2	12188.046	12.188046	False	0.133
4	349	3	4917.355	4.917355	False	0.133
4	349	4	3161.280	3.161280	False	0.133
4	350	1	14947.868	14.947868	False	0.527
4	350	2	20668.203	20.668203	False	0.133
4	350	3	16270.590	16.270590	False	0.511
4	350	4	13111.207	13.111207	False	0.133
4	350	5	4696.901	4.696901	False	0.133
4	350	6	2522.731	2.522731	False	0.133
4	351	1	23192.689	23.192689	True	0.716
4	352	1	4750.965	4.750965	True	0.915
4	353	1	8284.795	8.284795	False	0.591
4	353	2	2996.274	2.996274	False	0.591
4	353	3	23520.096	23.520096	False	0.543
4	353	4	17486.715	17.486715	False	0.133
4	353	5	3239.531	3.239531	False	0.591
4	353	6	11606.840	11.606840	False	0.133
4	354	1	5693.704	5.693704	False	0.133
4	354	2	13250.927	13.250927	False	0.133
4	354	3	25373.000	25.373000	False	0.431
4	354	4	18109.821	18.109821	False	0.402
4	354	5	19846.725	19.846725	False	0.497
4	354	6	22000.263	22.000263	False	0.472
4	354	7	3815.798	3.815798	False	0.133
4	354	8	22395.787	22.395787	False	0.47
4	354	9	13588.060	13.588060	False	0.506
4	354	10	22602.909	22.602909	False	0.445
4	355	1	3333.147	3.333147	False	0.133
4	355	2	13001.327	13.001327	False	0.133
4	355	3	20224.384	20.224384	False	0.529
4	355	4	12461.115	12.461115	True	0.862
4	356	1	17312.464	17.312464	False	0.394
4	356	2	18339.145	18.339145	False	0.513
4	356	3	7673.203	7.673203	False	0.457
4	356	4	17285.852	17.285852	False	0.376
4	356	5	2127.447	2.127447	False	0.457
4	356	6	3639.198	3.639198	False	0.457
4	356	7	17806.851	17.806851	False	0.445
4	357	1	8726.468	8.726468	False	0.422
4	357	2	2767.744	2.767744	False	0.422
4	357	3	18008.058	18.008058	False	0.413
4	357	4	17130.360	17.130360	False	0.501
4	357	5	20028.312	20.028312	False	0.433
4	357	6	29110.953	29.110953	False	0.436
4	357	7	4916.436	4.916436	False	0.422
4	357	8	19642.624	19.642624	False	0.459
4	357	9	12336.883	12.336883	False	0.422
4	358	1	26549.870	26.549870	False	0.532
4	358	2	7410.483	7.410483	False	0.408
4	358	3	17536.716	17.536716	False	0.133
4	358	4	13960.208	13.960208	False	0.133
4	358	5	15734.998	15.734998	True	0.799
4	359	1	1640.535	1.640535	False	0.133
4	359	2	2102.884	2.102884	False	0.133
4	359	3	12373.108	12.373108	False	0.133
4	359	4	13256.982	13.256982	False	0.494
4	359	5	12790.012	12.790012	False	0.503
4	359	6	2338.553	2.338553	False	0.133
4	359	7	16036.340	16.036340	False	0.133
4	359	8	13391.280	13.391280	False	0.133
4	359	9	2196.272	2.196272	False	0.133
4	360	1	13416.087	13.416087	False	0.472
4	360	2	13709.931	13.709931	False	0.133
4	360	3	26685.024	26.685024	False	0.492
4	360	4	15746.014	15.746014	False	0.133
4	360	5	20693.293	20.693293	False	0.45
4	360	6	16391.188	16.391188	False	0.133
4	360	7	17194.931	17.194931	False	0.418
4	360	8	17266.326	17.266326	False	0.448
4	361	1	7304.270	7.304270	False	0.425
4	361	2	2775.449	2.775449	False	0.425
4	361	3	18544.063	18.544063	False	0.444
4	361	4	3381.342	3.381342	False	0.425
4	361	5	15585.918	15.585918	False	0.425
4	361	6	16063.650	16.063650	False	0.133
4	361	7	19370.089	19.370089	False	0.43
4	361	8	16745.121	16.745121	False	0.515
4	361	9	1740.153	1.740153	False	0.425
4	361	10	13602.210	13.602210	False	0.133
4	361	11	15724.639	15.724639	False	0.412
4	361	12	15309.226	15.309226	False	0.133
4	361	13	24790.886	24.790886	False	0.408
4	362	1	16220.459	16.220459	False	0.133
4	362	2	9317.031	9.317031	False	0.426
4	362	3	18219.343	18.219343	False	0.133
4	362	4	21581.716	21.581716	False	0.437
4	362	5	13806.882	13.806882	False	0.356
4	362	6	1859.579	1.859579	False	0.426
4	362	7	2264.146	2.264146	False	0.426
4	362	8	2467.157	2.467157	False	0.426
4	362	9	2920.042	2.920042	False	0.426
4	363	1	14148.408	14.148408	False	0.133
4	363	2	25182.166	25.182166	False	0.463
4	363	3	14347.924	14.347924	False	0.54
4	363	4	7380.562	7.380562	False	0.499
4	363	5	18206.234	18.206234	False	0.444
4	363	6	1226.574	1.226574	False	0.426
4	363	7	14975.300	14.975300	False	0.133
4	363	8	9081.808	9.081808	False	0.133
4	364	1	20422.469	20.422469	False	0.501
4	364	2	3568.781	3.568781	False	0.426
4	364	3	1225.231	1.225231	False	0.426
4	364	4	3568.132	3.568132	False	0.426
4	364	5	23732.639	23.732639	False	0.457
4	364	6	16943.675	16.943675	False	0.47
4	365	1	5468.209	5.468209	False	0.133
4	365	2	23597.428	23.597428	True	0.727
4	366	1	6630.839	6.630839	True	0.915
4	367	1	4289.110	4.289110	False	0.133
4	367	2	22968.085	22.968085	False	0.433
4	367	3	12301.558	12.301558	False	0.133
4	367	4	13894.519	13.894519	False	0.133
4	367	5	12842.424	12.842424	False	0.133
4	367	6	10505.139	10.505139	False	0.133
4	368	1	4418.755	4.418755	True	0.928
4	369	1	13378.636	13.378636	False	0.425
4	369	2	5015.732	5.015732	True	0.926
4	370	1	16151.276	16.151276	False	0.447
4	370	2	20648.262	20.648262	False	0.133
4	370	3	6565.056	6.565056	False	0.419
4	370	4	19298.787	19.298787	False	0.422
4	370	5	2776.912	2.776912	False	0.419
4	370	6	12946.968	12.946968	False	0.419
4	371	1	13958.636	13.958636	False	0.133
4	371	2	13965.820	13.965820	False	0.133
4	371	3	14046.600	14.046600	False	0.133
4	371	4	15532.769	15.532769	False	0.457
4	371	5	4623.014	4.623014	False	0.133
4	371	6	12262.556	12.262556	False	0.133
4	371	7	3166.602	3.166602	False	0.133
4	371	8	12391.609	12.391609	False	0.133
4	372	1	24529.195	24.529195	False	0.133
4	372	2	5086.839	5.086839	False	0.133
4	372	3	10185.406	10.185406	False	0.133
4	372	4	41365.353	41.365353	False	0.133
4	373	1	24403.548	24.403548	False	0.502
4	373	2	16823.550	16.823550	False	0.368
4	373	3	24172.712	24.172712	False	0.408
4	373	4	33121.727	33.121727	False	0.383
4	373	5	18667.516	18.667516	False	0.474
4	373	6	29185.834	29.185834	False	0.393
4	374	1	5659.058	5.659058	False	0.133
4	374	2	31972.315	31.972315	False	0.133
4	374	3	3649.070	3.649070	False	0.133
4	374	4	3811.663	3.811663	False	0.133
4	375	1	18893.063	18.893063	False	0.405
4	375	2	20533.319	20.533319	False	0.422
4	375	3	9127.310	9.127310	False	0.407
4	375	4	23714.487	23.714487	False	0.298
4	375	5	27035.288	27.035288	False	0.424
4	375	6	1805.485	1.805485	False	0.407
4	375	7	3655.925	3.655925	False	0.407
4	376	1	4536.139	4.536139	False	0.133
4	376	2	18849.422	18.849422	False	0.133
4	376	3	20802.818	20.802818	False	0.445
4	376	4	28509.522	28.509522	False	0.133
4	376	5	26985.307	26.985307	False	0.469
4	376	6	2320.264	2.320264	False	0.133
4	376	7	5261.896	5.261896	False	0.133
4	376	8	21898.590	21.898590	False	0.44
4	376	9	14590.031	14.590031	False	0.133
4	376	10	20381.985	20.381985	False	0.4
4	377	1	2865.573	2.865573	False	0.133
4	377	2	2219.713	2.219713	False	0.133
4	377	3	18093.327	18.093327	False	0.133
4	377	4	12849.537	12.849537	False	0.133
4	378	1	20368.659	20.368659	False	0.398
4	378	2	24134.742	24.134742	False	0.496
4	378	3	23426.191	23.426191	False	0.442
4	378	4	10778.751	10.778751	False	0.133
4	378	5	32668.537	32.668537	True	0.716
4	379	1	15990.570	15.990570	True	0.628
4	380	1	8273.594	8.273594	False	0.337
4	380	2	19856.870	19.856870	False	0.329
4	380	3	2999.641	2.999641	False	0.337
4	380	4	22775.965	22.775965	False	0.467
4	380	5	13751.524	13.751524	False	0.466
4	380	6	2402.287	2.402287	False	0.337
4	380	7	23407.910	23.407910	False	0.359
4	380	8	15121.055	15.121055	False	0.352
4	380	9	19542.156	19.542156	False	0.361
4	381	1	5773.108	5.773108	False	0.35
4	381	2	11981.113	11.981113	False	0.133
4	381	3	11393.805	11.393805	False	0.35
4	381	4	3042.779	3.042779	False	0.35
4	381	5	4219.687	4.219687	False	0.35
4	381	6	2617.974	2.617974	False	0.35
4	382	1	6985.218	6.985218	False	0.348
4	382	2	18918.384	18.918384	True	0.75
4	383	1	19305.794	19.305794	False	0.431
4	383	2	18801.871	18.801871	False	0.355
4	383	3	3913.390	3.913390	False	0.355
4	383	4	18227.021	18.227021	False	0.325
4	383	5	18908.625	18.908625	True	0.708
4	384	1	23019.034	23.019034	False	0.397
4	384	2	6428.458	6.428458	True	0.66
4	385	1	16330.383	16.330383	False	0.561
4	385	2	4611.318	4.611318	False	0.133
4	385	3	4895.384	4.895384	False	0.133
4	385	4	14460.075	14.460075	False	0.133
4	385	5	3427.074	3.427074	False	0.133
4	386	1	24801.311	24.801311	False	0.499
4	386	2	3258.821	3.258821	False	0.133
4	386	3	19590.920	19.590920	False	0.418
4	386	4	15555.201	15.555201	False	0.431
4	386	5	10871.992	10.871992	False	0.133
4	386	6	2383.012	2.383012	False	0.133
4	387	1	13361.418	13.361418	True	0.754
4	388	1	17107.343	17.107343	False	0.133
4	388	2	10344.504	10.344504	True	0.872
4	389	1	16126.377	16.126377	False	0.469
4	389	2	37077.363	37.077363	True	0.818
4	390	1	19579.154	19.579154	False	0.133
4	390	2	20161.221	20.161221	False	0.133
4	390	3	12015.315	12.015315	True	0.796
4	391	1	13924.168	13.924168	False	0.133
4	391	2	3230.261	3.230261	False	0.133
4	391	3	14325.543	14.325543	False	0.133
4	391	4	19331.794	19.331794	False	0.133
4	392	1	2820.085	2.820085	False	0.133
4	392	2	3778.727	3.778727	False	0.133
4	392	3	20759.819	20.759819	False	0.461
4	392	4	34877.899	34.877899	True	0.785
4	393	1	9096.446	9.096446	False	0.428
4	393	2	23072.154	23.072154	False	0.396
4	393	3	2437.645	2.437645	False	0.428
4	393	4	20465.212	20.465212	False	0.405
4	393	5	18362.058	18.362058	False	0.457
4	393	6	18582.654	18.582654	False	0.344
4	393	7	2632.704	2.632704	False	0.428
4	393	8	2793.128	2.793128	False	0.428
4	393	9	5105.395	5.105395	False	0.428
4	393	10	25999.482	25.999482	False	0.491
4	393	11	25460.986	25.460986	False	0.375
4	393	12	2926.484	2.926484	False	0.428
4	393	13	3037.251	3.037251	False	0.428
4	393	14	17706.546	17.706546	False	0.44
4	393	15	6271.906	6.271906	False	0.428
4	394	1	2690.540	2.690540	False	0.133
4	394	2	17142.493	17.142493	False	0.133
4	394	3	15109.781	15.109781	False	0.133
4	394	4	26839.214	26.839214	True	0.849
4	395	1	15063.794	15.063794	False	0.438
4	395	2	38665.329	38.665329	False	0.439
4	395	3	14460.009	14.460009	False	0.438
4	395	4	14007.438	14.007438	False	0.429
4	395	5	24170.689	24.170689	False	0.438
4	395	6	18564.249	18.564249	False	0.448
4	396	1	26656.596	26.656596	False	0.461
4	396	2	20827.478	20.827478	False	0.426
4	396	3	13440.628	13.440628	False	0.36
4	396	4	14466.138	14.466138	False	0.56
4	396	5	19810.175	19.810175	False	0.41
4	396	6	7373.623	7.373623	False	0.439
4	396	7	10735.320	10.735320	False	0.439
4	396	8	29943.688	29.943688	False	0.448
4	396	9	4834.877	4.834877	False	0.439
4	397	1	7111.022	7.111022	False	0.443
4	397	2	2289.519	2.289519	False	0.443
4	397	3	14221.615	14.221615	False	0.463
4	397	4	3243.598	3.243598	False	0.443
4	397	5	22870.985	22.870985	False	0.501
4	397	6	31299.935	31.299935	False	0.473
4	397	7	17782.713	17.782713	False	0.41
4	397	8	33487.758	33.487758	False	0.472
4	397	9	19997.136	19.997136	False	0.435
4	397	10	3326.933	3.326933	False	0.443
4	398	1	8165.039	8.165039	False	0.439
4	398	2	3159.065	3.159065	False	0.439
4	398	3	41102.058	41.102058	False	0.414
4	398	4	4525.176	4.525176	False	0.439
4	398	5	2737.738	2.737738	False	0.439
4	398	6	4049.098	4.049098	False	0.439
4	399	1	23390.489	23.390489	False	0.467
4	399	2	20619.442	20.619442	False	0.133
4	399	3	17773.164	17.773164	False	0.44
4	399	4	2704.013	2.704013	False	0.133
4	399	5	16659.177	16.659177	False	0.445
4	399	6	3498.636	3.498636	False	0.133
5	0	1	36285.725	36.285725	False	0.133
5	0	2	17647.455	17.647455	False	0.585
5	0	3	2709.289	2.709289	False	0.585
5	0	4	12295.017	12.295017	False	0.585
5	0	5	16951.003	16.951003	False	0.503
5	0	6	16478.980	16.478980	False	0.418
5	0	7	2303.136	2.303136	False	0.585
5	1	1	18333.857	18.333857	False	0.133
5	1	2	3623.502	3.623502	False	0.133
5	1	3	13525.563	13.525563	False	0.133
5	1	4	18454.243	18.454243	False	0.133
5	2	1	2432.884	2.432884	False	0.133
5	2	2	20492.146	20.492146	False	0.364
5	2	3	15606.196	15.606196	False	0.414
5	2	4	34958.975	34.958975	False	0.522
5	2	5	17928.872	17.928872	False	0.465
5	2	6	24140.488	24.140488	False	0.459
5	2	7	20410.580	20.410580	False	0.133
5	2	8	16905.768	16.905768	False	0.133
5	2	9	20031.361	20.031361	False	0.411
5	3	1	16060.659	16.060659	False	0.133
5	3	2	16039.907	16.039907	True	0.841
5	4	1	17272.280	17.272280	False	0.508
5	4	2	3770.870	3.770870	False	0.133
5	4	3	23266.164	23.266164	False	0.133
5	4	4	18588.964	18.588964	False	0.457
5	4	5	18455.856	18.455856	False	0.623
5	4	6	23166.308	23.166308	False	0.133
5	4	7	21731.376	21.731376	False	0.406
5	4	8	19131.889	19.131889	False	0.521
5	4	9	15776.040	15.776040	False	0.133
5	4	10	19966.742	19.966742	False	0.542
5	5	1	14799.391	14.799391	False	0.434
5	5	2	21025.324	21.025324	False	0.521
5	5	3	6177.895	6.177895	False	0.133
5	5	4	13901.079	13.901079	False	0.133
5	5	5	10258.542	10.258542	False	0.133
5	5	6	2298.502	2.298502	False	0.133
5	6	1	7725.738	7.725738	False	0.446
5	6	2	9045.402	9.045402	False	0.446
5	6	3	15440.976	15.440976	False	0.527
5	6	4	33619.564	33.619564	False	0.511
5	6	5	25401.384	25.401384	False	0.45
5	6	6	22083.698	22.083698	False	0.422
5	6	7	19686.355	19.686355	False	0.418
5	6	8	13759.560	13.759560	False	0.355
5	7	1	25556.917	25.556917	False	0.435
5	7	2	18810.397	18.810397	False	0.337
5	7	3	17964.377	17.964377	False	0.452
5	7	4	24939.715	24.939715	False	0.133
5	7	5	15759.400	15.759400	False	0.133
5	7	6	13062.071	13.062071	False	0.133
5	7	7	23025.050	23.025050	False	0.399
5	7	8	18466.144	18.466144	False	0.39
5	8	1	14147.307	14.147307	False	0.133
5	8	2	12833.649	12.833649	False	0.451
5	8	3	18347.389	18.347389	False	0.497
5	8	4	18457.405	18.457405	False	0.488
5	8	5	15172.595	15.172595	False	0.133
5	8	6	10611.291	10.611291	False	0.133
5	8	7	11080.080	11.080080	False	0.133
5	8	8	19834.319	19.834319	False	0.426
5	9	1	23162.107	23.162107	False	0.133
5	9	2	20458.119	20.458119	False	0.433
5	9	3	5404.857	5.404857	False	0.133
5	9	4	38133.204	38.133204	False	0.478
5	9	5	22670.802	22.670802	False	0.133
5	9	6	17362.363	17.362363	False	0.46
5	9	7	19272.876	19.272876	False	0.37
5	9	8	3073.690	3.073690	False	0.133
5	9	9	2519.792	2.519792	False	0.133
5	10	1	12754.112	12.754112	False	0.133
5	10	2	14132.127	14.132127	False	0.133
5	10	3	10952.166	10.952166	False	0.133
5	10	4	4359.681	4.359681	False	0.133
5	11	1	22038.464	22.038464	False	0.613
5	11	2	13738.892	13.738892	False	0.133
5	11	3	5673.505	5.673505	False	0.602
5	11	4	22154.156	22.154156	False	0.528
5	11	5	9597.798	9.597798	False	0.133
5	11	6	20168.572	20.168572	False	0.538
5	12	1	12905.217	12.905217	False	0.133
5	12	2	28294.292	28.294292	False	0.509
5	12	3	14779.035	14.779035	True	0.928
5	13	1	8128.849	8.128849	False	0.366
5	13	2	2934.174	2.934174	False	0.366
5	13	3	16312.789	16.312789	False	0.325
5	13	4	2977.789	2.977789	False	0.366
5	13	5	19235.840	19.235840	False	0.494
5	13	6	13441.077	13.441077	False	0.451
5	13	7	2673.272	2.673272	False	0.366
5	13	8	5164.290	5.164290	False	0.366
5	13	9	9023.538	9.023538	False	0.366
5	13	10	12983.891	12.983891	False	0.396
5	14	1	17184.214	17.184214	True	0.902
5	15	1	2424.871	2.424871	False	0.133
5	15	2	9324.490	9.324490	False	0.133
5	15	3	19706.095	19.706095	False	0.133
5	15	4	12963.480	12.963480	False	0.133
5	16	1	21893.184	21.893184	False	0.441
5	16	2	17656.428	17.656428	False	0.487
5	16	3	17297.013	17.297013	False	0.444
5	16	4	19431.907	19.431907	False	0.436
5	16	5	20413.877	20.413877	False	0.435
5	16	6	5041.379	5.041379	False	0.133
5	16	7	13915.699	13.915699	False	0.133
5	17	1	11036.411	11.036411	False	0.133
5	17	2	19778.331	19.778331	False	0.133
5	17	3	13454.437	13.454437	False	0.133
5	17	4	13708.913	13.708913	False	0.133
5	18	1	18854.904	18.854904	False	0.432
5	18	2	14249.243	14.249243	False	0.495
5	18	3	2055.289	2.055289	False	0.495
5	18	4	19225.692	19.225692	False	0.418
5	18	5	19554.143	19.554143	False	0.133
5	18	6	10611.353	10.611353	False	0.495
5	18	7	18516.965	18.516965	False	0.473
5	19	1	19419.701	19.419701	False	0.491
5	19	2	11989.275	11.989275	False	0.133
5	19	3	16771.925	16.771925	False	0.133
5	19	4	12559.518	12.559518	False	0.133
5	19	5	10272.938	10.272938	False	0.133
5	20	1	20024.435	20.024435	False	0.413
5	20	2	15918.141	15.918141	False	0.133
5	20	3	16500.714	16.500714	False	0.356
5	20	4	20251.828	20.251828	False	0.399
5	20	5	2545.983	2.545983	False	0.133
5	20	6	28852.908	28.852908	True	0.736
5	21	1	21245.500	21.245500	False	0.484
5	21	2	12743.610	12.743610	False	0.133
5	21	3	11379.789	11.379789	False	0.133
5	21	4	3713.475	3.713475	False	0.133
5	21	5	1836.658	1.836658	False	0.133
5	22	1	11878.821	11.878821	False	0.133
5	22	2	26559.305	26.559305	False	0.133
5	22	3	49500.712	49.500712	False	0.562
5	22	4	3726.496	3.726496	False	0.133
5	22	5	17409.437	17.409437	False	0.133
5	22	6	9179.053	9.179053	False	0.499
5	22	7	8713.446	8.713446	False	0.499
5	22	8	3567.321	3.567321	False	0.133
5	23	1	15557.292	15.557292	False	0.133
5	23	2	15967.903	15.967903	False	0.133
5	23	3	16865.986	16.865986	False	0.133
5	23	4	12814.488	12.814488	False	0.133
5	24	1	11987.256	11.987256	False	0.133
5	24	2	24602.649	24.602649	False	0.469
5	24	3	14781.150	14.781150	False	0.436
5	24	4	25091.982	25.091982	False	0.496
5	24	5	17390.411	17.390411	False	0.462
5	24	6	18541.279	18.541279	False	0.487
5	24	7	3748.700	3.748700	False	0.133
5	24	8	15584.848	15.584848	True	0.809
5	25	1	9737.481	9.737481	False	0.367
5	25	2	30141.734	30.141734	False	0.367
5	25	3	12136.893	12.136893	False	0.367
5	25	4	2230.398	2.230398	False	0.367
5	25	5	13111.693	13.111693	False	0.133
5	25	6	2289.823	2.289823	False	0.367
5	26	1	16975.262	16.975262	False	0.133
5	26	2	14034.802	14.034802	False	0.463
5	26	3	2295.127	2.295127	False	0.133
5	26	4	22848.470	22.848470	False	0.465
5	26	5	18592.738	18.592738	False	0.428
5	26	6	12181.986	12.181986	False	0.133
5	26	7	4928.111	4.928111	False	0.133
5	27	1	29568.324	29.568324	False	0.133
5	27	2	11172.127	11.172127	False	0.133
5	27	3	12123.755	12.123755	False	0.133
5	27	4	14369.235	14.369235	False	0.499
5	27	5	11634.781	11.634781	False	0.133
5	27	6	21924.769	21.924769	False	0.416
5	27	7	3581.020	3.581020	False	0.133
5	27	8	16912.993	16.912993	False	0.572
5	27	9	14522.529	14.522529	False	0.567
5	27	10	10532.608	10.532608	False	0.133
5	27	11	11550.229	11.550229	False	0.395
5	27	12	2769.250	2.769250	False	0.133
5	27	13	17594.774	17.594774	False	0.133
5	28	1	32465.395	32.465395	True	0.77
5	29	1	11303.332	11.303332	False	0.457
5	29	2	17008.247	17.008247	False	0.499
5	29	3	3954.698	3.954698	False	0.133
5	29	4	24629.468	24.629468	False	0.551
5	29	5	16387.251	16.387251	False	0.133
5	29	6	13239.535	13.239535	False	0.133
5	29	7	23392.170	23.392170	False	0.133
5	29	8	12443.715	12.443715	False	0.133
5	30	1	21003.647	21.003647	False	0.407
5	30	2	3204.382	3.204382	False	0.407
5	30	3	2942.896	2.942896	False	0.407
5	30	4	16746.333	16.746333	False	0.422
5	30	5	35357.249	35.357249	False	0.455
5	30	6	17140.905	17.140905	False	0.488
5	30	7	14489.703	14.489703	False	0.407
5	30	8	11083.835	11.083835	False	0.407
5	30	9	2688.177	2.688177	False	0.407
5	30	10	17421.657	17.421657	False	0.406
5	30	11	1839.981	1.839981	False	0.407
5	31	1	14795.766	14.795766	False	0.416
5	31	2	10404.436	10.404436	False	0.416
5	31	3	3490.115	3.490115	False	0.416
5	31	4	20096.255	20.096255	False	0.456
5	31	5	17173.856	17.173856	False	0.133
5	31	6	21073.008	21.073008	False	0.421
5	31	7	17643.434	17.643434	False	0.433
5	31	8	19853.376	19.853376	False	0.414
5	31	9	12846.803	12.846803	False	0.416
5	32	1	16248.848	16.248848	False	0.443
5	32	2	18729.433	18.729433	False	0.382
5	32	3	9693.356	9.693356	False	0.417
5	32	4	17628.428	17.628428	False	0.42
5	32	5	22158.747	22.158747	False	0.397
5	32	6	17168.994	17.168994	False	0.417
5	33	1	17010.841	17.010841	False	0.413
5	33	2	8335.197	8.335197	False	0.412
5	33	3	22015.952	22.015952	False	0.427
5	33	4	18415.557	18.415557	False	0.415
5	33	5	12610.236	12.610236	False	0.412
5	33	6	12039.454	12.039454	False	0.412
5	33	7	15055.407	15.055407	False	0.436
5	33	8	14459.880	14.459880	False	0.415
5	34	1	9455.244	9.455244	False	0.427
5	34	2	12258.972	12.258972	False	0.427
5	34	3	4711.578	4.711578	False	0.427
5	34	4	20860.257	20.860257	False	0.419
5	34	5	2459.192	2.459192	False	0.427
5	34	6	20870.897	20.870897	False	0.428
5	35	1	8607.589	8.607589	False	0.434
5	35	2	15988.755	15.988755	False	0.414
5	35	3	16197.769	16.197769	False	0.436
5	35	4	13899.352	13.899352	False	0.434
5	35	5	11652.427	11.652427	False	0.434
5	35	6	20226.545	20.226545	False	0.442
5	36	1	8521.546	8.521546	False	0.421
5	36	2	30702.484	30.702484	False	0.459
5	36	3	2652.423	2.652423	False	0.421
5	36	4	2628.834	2.628834	False	0.421
5	36	5	19416.561	19.416561	False	0.458
5	36	6	9709.131	9.709131	False	0.421
5	36	7	21312.330	21.312330	False	0.401
5	37	1	8534.542	8.534542	False	0.421
5	37	2	16988.106	16.988106	False	0.133
5	37	3	11482.754	11.482754	False	0.133
5	37	4	4237.278	4.237278	False	0.421
5	37	5	12534.251	12.534251	False	0.133
5	37	6	2550.189	2.550189	False	0.421
5	38	1	17170.397	17.170397	False	0.418
5	38	2	6016.440	6.016440	False	0.418
5	38	3	9010.389	9.010389	False	0.133
5	38	4	12672.635	12.672635	False	0.418
5	38	5	25643.132	25.643132	False	0.444
5	38	6	17854.211	17.854211	False	0.416
5	38	7	2526.911	2.526911	False	0.418
5	38	8	2766.957	2.766957	False	0.418
5	38	9	16766.283	16.766283	False	0.494
5	38	10	3041.098	3.041098	False	0.418
5	38	11	2521.342	2.521342	False	0.418
5	38	12	19309.668	19.309668	False	0.417
5	38	13	16978.157	16.978157	False	0.418
5	38	14	10932.016	10.932016	False	0.418
5	39	1	16759.029	16.759029	False	0.429
5	39	2	13250.185	13.250185	False	0.429
5	39	3	25707.499	25.707499	False	0.477
5	39	4	8520.178	8.520178	False	0.429
5	39	5	18264.338	18.264338	False	0.456
5	39	6	16975.160	16.975160	False	0.424
5	39	7	15344.029	15.344029	False	0.418
5	39	8	12444.643	12.444643	False	0.429
5	40	1	13901.064	13.901064	False	0.133
5	40	2	13719.532	13.719532	False	0.133
5	40	3	19110.004	19.110004	False	0.133
5	40	4	1904.628	1.904628	False	0.133
5	41	1	7532.059	7.532059	False	0.416
5	41	2	13624.034	13.624034	False	0.4
5	41	3	18967.319	18.967319	False	0.403
5	41	4	18181.928	18.181928	True	0.746
5	42	1	4836.742	4.836742	False	0.133
5	42	2	19225.704	19.225704	False	0.465
5	42	3	19189.755	19.189755	False	0.133
5	42	4	2282.505	2.282505	False	0.133
5	42	5	2375.022	2.375022	False	0.133
5	42	6	12283.051	12.283051	False	0.133
5	43	1	3580.985	3.580985	False	0.133
5	43	2	14951.191	14.951191	False	0.133
5	43	3	11227.840	11.227840	False	0.133
5	43	4	3580.934	3.580934	False	0.133
5	44	1	7425.416	7.425416	False	0.431
5	44	2	16205.246	16.205246	False	0.453
5	44	3	18687.052	18.687052	False	0.514
5	44	4	16098.457	16.098457	False	0.434
5	44	5	16331.544	16.331544	False	0.431
5	44	6	10173.478	10.173478	False	0.431
5	44	7	19541.218	19.541218	False	0.424
5	44	8	12785.922	12.785922	False	0.424
5	45	1	14054.859	14.054859	False	0.133
5	45	2	15610.358	15.610358	False	0.133
5	45	3	13118.781	13.118781	False	0.133
5	45	4	8587.218	8.587218	False	0.133
5	46	1	8056.419	8.056419	False	0.412
5	46	2	2864.731	2.864731	False	0.412
5	46	3	20757.098	20.757098	False	0.407
5	46	4	4155.430	4.155430	False	0.412
5	46	5	13013.643	13.013643	False	0.412
5	46	6	11013.089	11.013089	False	0.412
5	47	1	43449.402	43.449402	False	0.424
5	47	2	7907.435	7.907435	False	0.401
5	47	3	19418.808	19.418808	False	0.417
5	47	4	20224.831	20.224831	False	0.406
5	47	5	20191.271	20.191271	False	0.418
5	47	6	16253.452	16.253452	False	0.133
5	48	1	15100.374	15.100374	False	0.133
5	48	2	18072.973	18.072973	False	0.448
5	48	3	8186.542	8.186542	False	0.416
5	48	4	18920.561	18.920561	False	0.443
5	48	5	21284.536	21.284536	False	0.451
5	48	6	26497.995	26.497995	False	0.428
5	48	7	16917.744	16.917744	True	0.758
5	49	1	5054.692	5.054692	False	0.133
5	49	2	9207.124	9.207124	False	0.133
5	49	3	19971.754	19.971754	False	0.505
5	49	4	16931.630	16.931630	False	0.454
5	49	5	27042.146	27.042146	True	0.758
5	50	1	4708.847	4.708847	False	0.133
5	50	2	2163.310	2.163310	False	0.133
5	50	3	13380.238	13.380238	False	0.454
5	50	4	19157.259	19.157259	False	0.408
5	50	5	18289.345	18.289345	False	0.463
5	50	6	19975.863	19.975863	False	0.133
5	50	7	11827.645	11.827645	False	0.133
5	50	8	4160.115	4.160115	False	0.133
5	51	1	14700.986	14.700986	False	0.133
5	51	2	17720.843	17.720843	False	0.392
5	51	3	18753.475	18.753475	False	0.403
5	51	4	4924.113	4.924113	False	0.133
5	51	5	12947.930	12.947930	False	0.133
5	51	6	3343.839	3.343839	False	0.133
5	51	7	2629.153	2.629153	False	0.133
5	52	1	18569.834	18.569834	False	0.44
5	52	2	7397.936	7.397936	False	0.41
5	52	3	13518.246	13.518246	False	0.41
5	52	4	2389.697	2.389697	False	0.41
5	52	5	17761.017	17.761017	False	0.395
5	52	6	24882.503	24.882503	False	0.413
5	53	1	7553.745	7.553745	False	0.499
5	53	2	26030.371	26.030371	True	0.735
5	54	1	8045.525	8.045525	False	0.417
5	54	2	21482.435	21.482435	False	0.411
5	54	3	18520.919	18.520919	False	0.133
5	54	4	4294.941	4.294941	False	0.417
5	54	5	19005.863	19.005863	True	0.734
5	55	1	10043.642	10.043642	False	0.133
5	55	2	11911.207	11.911207	False	0.499
5	55	3	2160.502	2.160502	False	0.133
5	55	4	14163.770	14.163770	False	0.133
5	55	5	17780.094	17.780094	False	0.5
5	55	6	14305.801	14.305801	True	0.754
5	56	1	7323.522	7.323522	False	0.52
5	56	2	17948.662	17.948662	False	0.537
5	56	3	2525.855	2.525855	False	0.52
5	56	4	16827.403	16.827403	True	0.915
5	57	1	18189.671	18.189671	False	0.304
5	57	2	24158.697	24.158697	False	0.334
5	57	3	10879.955	10.879955	False	0.133
5	57	4	13901.551	13.901551	False	0.133
5	57	5	16460.470	16.460470	False	0.387
5	57	6	9612.180	9.612180	False	0.499
5	57	7	15669.103	15.669103	False	0.425
5	57	8	20043.875	20.043875	False	0.42
5	57	9	14905.401	14.905401	False	0.36
5	57	10	13753.333	13.753333	False	0.133
5	57	11	16522.435	16.522435	False	0.383
5	58	1	8453.771	8.453771	False	0.513
5	58	2	2692.481	2.692481	False	0.513
5	58	3	11077.336	11.077336	False	0.513
5	58	4	3759.030	3.759030	False	0.513
5	58	5	15457.787	15.457787	False	0.513
5	58	6	1977.362	1.977362	False	0.513
5	59	1	25533.840	25.533840	False	0.133
5	59	2	33404.507	33.404507	True	0.957
5	60	1	18462.571	18.462571	False	0.404
5	60	2	26744.031	26.744031	False	0.564
5	60	3	21801.730	21.801730	False	0.444
5	60	4	22064.672	22.064672	False	0.507
5	60	5	12451.139	12.451139	False	0.564
5	60	6	18335.838	18.335838	False	0.413
5	60	7	9071.563	9.071563	False	0.499
5	61	1	25716.753	25.716753	False	0.551
5	61	2	14271.828	14.271828	False	0.133
5	61	3	15784.815	15.784815	False	0.451
5	61	4	1981.180	1.981180	False	0.133
5	61	5	16537.559	16.537559	False	0.48
5	61	6	15190.796	15.190796	False	0.133
5	62	1	21483.432	21.483432	False	0.484
5	62	2	27390.734	27.390734	False	0.133
5	62	3	12205.741	12.205741	False	0.133
5	62	4	19385.683	19.385683	False	0.436
5	62	5	17025.370	17.025370	False	0.133
5	62	6	4309.187	4.309187	False	0.133
5	63	1	17606.239	17.606239	False	0.133
5	63	2	3779.145	3.779145	False	0.133
5	63	3	19169.044	19.169044	False	0.424
5	63	4	3678.896	3.678896	False	0.133
5	63	5	2573.163	2.573163	False	0.133
5	63	6	19256.986	19.256986	False	0.422
5	63	7	12594.725	12.594725	False	0.427
5	63	8	18261.894	18.261894	False	0.405
5	64	1	5506.930	5.506930	False	0.133
5	64	2	18659.823	18.659823	False	0.465
5	64	3	3029.720	3.029720	False	0.133
5	64	4	20740.826	20.740826	False	0.432
5	64	5	1641.217	1.641217	False	0.133
5	64	6	14391.563	14.391563	False	0.133
5	64	7	2494.224	2.494224	False	0.133
5	65	1	23524.261	23.524261	False	0.133
5	65	2	25496.223	25.496223	False	0.468
5	65	3	17106.156	17.106156	False	0.461
5	65	4	26214.227	26.214227	False	0.487
5	65	5	16421.606	16.421606	False	0.447
5	65	6	5053.413	5.053413	False	0.133
5	65	7	26764.850	26.764850	False	0.521
5	65	8	4214.542	4.214542	False	0.133
5	65	9	2390.723	2.390723	False	0.133
5	65	10	14330.520	14.330520	False	0.468
5	65	11	2544.337	2.544337	False	0.133
5	65	12	2706.272	2.706272	False	0.133
5	66	1	22757.511	22.757511	False	0.481
5	66	2	15987.008	15.987008	False	0.133
5	66	3	3669.905	3.669905	False	0.133
5	66	4	20920.766	20.920766	False	0.48
5	66	5	20253.051	20.253051	False	0.48
5	66	6	17547.875	17.547875	False	0.484
5	67	1	17112.782	17.112782	False	0.557
5	67	2	26522.677	26.522677	False	0.133
5	67	3	39010.586	39.010586	False	0.559
5	67	4	8070.757	8.070757	False	0.562
5	67	5	26384.979	26.384979	False	0.536
5	67	6	19777.711	19.777711	False	0.557
5	68	1	16461.999	16.461999	False	0.429
5	68	2	3334.444	3.334444	False	0.429
5	68	3	14867.011	14.867011	False	0.429
5	68	4	2778.279	2.778279	False	0.429
5	68	5	3176.065	3.176065	False	0.429
5	68	6	14423.749	14.423749	False	0.439
5	68	7	19235.825	19.235825	False	0.522
5	68	8	3836.957	3.836957	False	0.429
5	68	9	4065.805	4.065805	False	0.429
5	68	10	12271.691	12.271691	False	0.429
5	68	11	12035.870	12.035870	False	0.133
5	68	12	18038.696	18.038696	False	0.436
5	69	1	9233.421	9.233421	False	0.411
5	69	2	18904.841	18.904841	False	0.411
5	69	3	3757.330	3.757330	False	0.411
5	69	4	16423.331	16.423331	False	0.133
5	69	5	16195.817	16.195817	False	0.427
5	69	6	2469.767	2.469767	False	0.411
5	69	7	13153.078	13.153078	False	0.408
5	69	8	12503.418	12.503418	False	0.468
5	69	9	27066.063	27.066063	True	0.787
5	70	1	4732.017	4.732017	False	0.133
5	70	2	17941.170	17.941170	False	0.403
5	70	3	19403.906	19.403906	False	0.442
5	70	4	16419.550	16.419550	False	0.382
5	70	5	19753.393	19.753393	False	0.429
5	70	6	16618.069	16.618069	False	0.433
5	70	7	4592.040	4.592040	False	0.133
5	70	8	17190.700	17.190700	False	0.422
5	71	1	9618.724	9.618724	False	0.423
5	71	2	11718.952	11.718952	False	0.423
5	71	3	16817.557	16.817557	False	0.463
5	71	4	30515.546	30.515546	False	0.454
5	71	5	16570.833	16.570833	False	0.422
5	71	6	20758.324	20.758324	False	0.453
5	71	7	17762.778	17.762778	False	0.478
5	71	8	32479.470	32.479470	False	0.423
5	71	9	18036.138	18.036138	False	0.447
5	71	10	22853.898	22.853898	False	0.423
5	71	11	13911.918	13.911918	False	0.423
5	71	12	12423.251	12.423251	False	0.133
5	72	1	16619.135	16.619135	False	0.483
5	72	2	14827.402	14.827402	False	0.354
5	72	3	33754.843	33.754843	False	0.478
5	72	4	23362.676	23.362676	False	0.442
5	72	5	8741.758	8.741758	False	0.4
5	72	6	16363.346	16.363346	False	0.133
5	73	1	27178.577	27.178577	False	0.485
5	73	2	18255.081	18.255081	False	0.466
5	73	3	9770.632	9.770632	False	0.133
5	73	4	28015.380	28.015380	False	0.489
5	73	5	14776.025	14.776025	False	0.133
5	73	6	19542.646	19.542646	False	0.397
5	74	1	16150.673	16.150673	False	0.489
5	74	2	15945.748	15.945748	False	0.456
5	74	3	12517.306	12.517306	False	0.133
5	74	4	13779.459	13.779459	True	0.803
5	75	1	17604.389	17.604389	False	0.133
5	75	2	25344.388	25.344388	False	0.558
5	75	3	2067.169	2.067169	False	0.558
5	75	4	2367.917	2.367917	False	0.558
5	75	5	15866.451	15.866451	False	0.558
5	75	6	14065.784	14.065784	False	0.558
5	75	7	4626.324	4.626324	False	0.558
5	76	1	17825.447	17.825447	False	0.527
5	76	2	15133.497	15.133497	False	0.133
5	76	3	17130.569	17.130569	False	0.396
5	76	4	12200.706	12.200706	False	0.133
5	76	5	12625.542	12.625542	False	0.133
5	76	6	22007.551	22.007551	False	0.133
5	77	1	17041.035	17.041035	False	0.503
5	77	2	11695.007	11.695007	False	0.133
5	77	3	5973.396	5.973396	False	0.133
5	77	4	2708.022	2.708022	False	0.133
5	77	5	13402.230	13.402230	False	0.133
5	78	1	22176.744	22.176744	False	0.38
5	78	2	8979.618	8.979618	False	0.468
5	78	3	21105.331	21.105331	False	0.133
5	78	4	18575.443	18.575443	False	0.133
5	78	5	11288.935	11.288935	False	0.468
5	78	6	2612.614	2.612614	False	0.468
5	78	7	3108.270	3.108270	False	0.468
5	79	1	11104.455	11.104455	False	0.466
5	79	2	12359.614	12.359614	False	0.466
5	79	3	21088.383	21.088383	False	0.469
5	79	4	17092.558	17.092558	False	0.503
5	79	5	4841.661	4.841661	False	0.466
5	79	6	11712.193	11.712193	False	0.466
5	79	7	13877.050	13.877050	False	0.133
5	79	8	21936.833	21.936833	False	0.511
5	79	9	20370.595	20.370595	False	0.372
5	80	1	14597.073	14.597073	False	0.455
5	80	2	17208.123	17.208123	False	0.453
5	80	3	19029.960	19.029960	False	0.447
5	80	4	13418.706	13.418706	False	0.133
5	80	5	31841.492	31.841492	True	0.813
5	81	1	13630.985	13.630985	False	0.133
5	81	2	17857.136	17.857136	False	0.411
5	81	3	11890.055	11.890055	False	0.133
5	81	4	14428.494	14.428494	False	0.133
5	81	5	13504.661	13.504661	False	0.133
5	81	6	13205.357	13.205357	False	0.133
5	82	1	17833.064	17.833064	False	0.404
5	82	2	15081.338	15.081338	False	0.133
5	82	3	15338.469	15.338469	False	0.347
5	82	4	18306.647	18.306647	False	0.32
5	82	5	18037.841	18.037841	False	0.446
5	82	6	12359.774	12.359774	False	0.416
5	82	7	11103.565	11.103565	False	0.133
5	82	8	15689.642	15.689642	False	0.456
5	82	9	1733.015	1.733015	False	0.133
5	82	10	10188.586	10.188586	False	0.133
5	82	11	2346.026	2.346026	False	0.133
5	82	12	16207.937	16.207937	False	0.455
5	82	13	11824.224	11.824224	False	0.133
5	83	1	13884.950	13.884950	False	0.133
5	83	2	18668.946	18.668946	False	0.408
5	83	3	13324.261	13.324261	False	0.133
5	83	4	15082.559	15.082559	False	0.449
5	83	5	15200.696	15.200696	False	0.449
5	83	6	12167.565	12.167565	False	0.133
5	83	7	24589.101	24.589101	False	0.133
5	83	8	4497.720	4.497720	False	0.133
5	83	9	18736.860	18.736860	False	0.512
5	83	10	15048.594	15.048594	False	0.133
5	83	11	12285.623	12.285623	False	0.133
5	83	12	13320.542	13.320542	False	0.133
5	83	13	17932.963	17.932963	False	0.493
5	83	14	10341.483	10.341483	False	0.444
5	84	1	7899.810	7.899810	False	0.43
5	84	2	34633.538	34.633538	False	0.49
5	84	3	2704.344	2.704344	False	0.43
5	84	4	3502.481	3.502481	False	0.43
5	84	5	4809.364	4.809364	False	0.43
5	84	6	5122.694	5.122694	False	0.43
5	84	7	25585.738	25.585738	False	0.43
5	85	1	21329.316	21.329316	False	0.133
5	85	2	14768.570	14.768570	False	0.535
5	85	3	29042.000	29.042000	False	0.133
5	85	4	18802.048	18.802048	False	0.561
5	85	5	17797.059	17.797059	False	0.483
5	85	6	13961.471	13.961471	False	0.534
5	85	7	2614.627	2.614627	False	0.133
5	85	8	30685.858	30.685858	False	0.133
5	85	9	14690.594	14.690594	False	0.133
5	86	1	15296.157	15.296157	False	0.133
5	86	2	15213.741	15.213741	False	0.382
5	86	3	9167.166	9.167166	False	0.499
5	86	4	14278.206	14.278206	False	0.133
5	86	5	10842.646	10.842646	False	0.499
5	86	6	12878.656	12.878656	False	0.484
5	86	7	11331.537	11.331537	False	0.133
5	86	8	13122.080	13.122080	False	0.133
5	87	1	3209.116	3.209116	False	0.133
5	87	2	13068.059	13.068059	False	0.133
5	87	3	17516.111	17.516111	False	0.423
5	87	4	18648.547	18.648547	False	0.133
5	87	5	3218.607	3.218607	False	0.133
5	87	6	12524.710	12.524710	False	0.133
5	87	7	2062.627	2.062627	False	0.133
5	88	1	4037.366	4.037366	False	0.133
5	88	2	18995.896	18.995896	False	0.415
5	88	3	10395.553	10.395553	False	0.133
5	88	4	12955.278	12.955278	False	0.133
5	88	5	17247.961	17.247961	False	0.133
5	88	6	17828.060	17.828060	False	0.426
5	88	7	25012.725	25.012725	False	0.133
5	88	8	25602.382	25.602382	False	0.526
5	88	9	3785.886	3.785886	False	0.133
5	88	10	23523.436	23.523436	False	0.133
5	88	11	31132.970	31.132970	False	0.471
5	88	12	18722.353	18.722353	False	0.411
5	88	13	13124.480	13.124480	False	0.133
5	89	1	15073.290	15.073290	False	0.468
5	89	2	15594.768	15.594768	False	0.441
5	89	3	12307.481	12.307481	False	0.133
5	89	4	18460.686	18.460686	False	0.133
5	89	5	35182.485	35.182485	False	0.412
5	89	6	16280.706	16.280706	False	0.348
5	90	1	7897.397	7.897397	False	0.133
5	90	2	5763.173	5.763173	False	0.133
5	90	3	2101.343	2.101343	False	0.133
5	90	4	18229.213	18.229213	False	0.397
5	90	5	16699.665	16.699665	False	0.466
5	90	6	16038.626	16.038626	False	0.133
5	90	7	21294.347	21.294347	False	0.133
5	90	8	17813.450	17.813450	False	0.465
5	90	9	1974.196	1.974196	False	0.133
5	90	10	16152.101	16.152101	False	0.49
5	90	11	2337.304	2.337304	False	0.133
5	90	12	25484.013	25.484013	False	0.133
5	90	13	17412.111	17.412111	False	0.49
5	90	14	16228.225	16.228225	False	0.513
5	90	15	9925.924	9.925924	False	0.133
5	90	16	2365.745	2.365745	False	0.133
5	90	17	16473.659	16.473659	False	0.133
5	90	18	16908.238	16.908238	False	0.541
5	90	19	16755.450	16.755450	False	0.133
5	90	20	11970.893	11.970893	False	0.133
5	90	21	14696.049	14.696049	False	0.425
5	90	22	2343.843	2.343843	False	0.133
5	90	23	13105.413	13.105413	False	0.133
5	91	1	16225.028	16.225028	False	0.133
5	91	2	16933.026	16.933026	False	0.427
5	91	3	17415.011	17.415011	False	0.429
5	91	4	13119.635	13.119635	False	0.429
5	91	5	18657.616	18.657616	False	0.133
5	91	6	48175.959	48.175959	True	0.751
5	92	1	20149.067	20.149067	False	0.423
5	92	2	12001.330	12.001330	False	0.133
5	92	3	12437.910	12.437910	False	0.133
5	92	4	3475.399	3.475399	False	0.133
5	92	5	15259.265	15.259265	False	0.453
5	92	6	14358.466	14.358466	False	0.508
5	92	7	9849.908	9.849908	False	0.133
5	92	8	18583.676	18.583676	False	0.491
5	92	9	2296.924	2.296924	False	0.133
5	92	10	11964.572	11.964572	False	0.133
5	92	11	13082.010	13.082010	True	0.882
5	93	1	16390.438	16.390438	False	0.437
5	93	2	4681.612	4.681612	False	0.133
5	93	3	11089.610	11.089610	False	0.133
5	93	4	19708.849	19.708849	False	0.383
5	93	5	18109.161	18.109161	False	0.374
5	93	6	17628.669	17.628669	False	0.348
5	94	1	18257.326	18.257326	False	0.4
5	94	2	23066.341	23.066341	False	0.44
5	94	3	8210.744	8.210744	False	0.45
5	94	4	16550.698	16.550698	False	0.438
5	94	5	39985.549	39.985549	False	0.456
5	94	6	20639.422	20.639422	False	0.37
5	94	7	26351.710	26.351710	False	0.388
5	94	8	46167.973	46.167973	False	0.435
5	95	1	18990.063	18.990063	False	0.547
5	95	2	17273.587	17.273587	False	0.493
5	95	3	15085.871	15.085871	False	0.133
5	95	4	16781.686	16.781686	False	0.133
5	95	5	11977.539	11.977539	False	0.133
5	95	6	15025.247	15.025247	False	0.529
5	96	1	4086.951	4.086951	False	0.133
5	96	2	14390.885	14.390885	False	0.133
5	96	3	2029.849	2.029849	False	0.133
5	96	4	15842.921	15.842921	False	0.459
5	96	5	18725.858	18.725858	False	0.487
5	96	6	17400.206	17.400206	False	0.424
5	96	7	2634.103	2.634103	False	0.133
5	96	8	18811.190	18.811190	False	0.528
5	96	9	19124.959	19.124959	False	0.37
5	96	10	14391.714	14.391714	False	0.133
5	96	11	14867.561	14.867561	False	0.444
5	96	12	17276.597	17.276597	False	0.133
5	96	13	18979.388	18.979388	False	0.476
5	97	1	19794.198	19.794198	False	0.354
5	97	2	20367.804	20.367804	False	0.446
5	97	3	4123.219	4.123219	False	0.446
5	97	4	2717.737	2.717737	False	0.446
5	97	5	18631.366	18.631366	False	0.461
5	97	6	3097.588	3.097588	False	0.446
5	97	7	19478.728	19.478728	False	0.459
5	97	8	2950.544	2.950544	False	0.446
5	97	9	11316.336	11.316336	False	0.446
5	97	10	5523.527	5.523527	False	0.446
5	98	1	27154.710	27.154710	False	0.476
5	98	2	8223.207	8.223207	False	0.465
5	98	3	16356.373	16.356373	False	0.444
5	98	4	2222.677	2.222677	False	0.465
5	98	5	19628.317	19.628317	False	0.478
5	98	6	20194.954	20.194954	False	0.495
5	98	7	17619.685	17.619685	False	0.483
5	98	8	11748.203	11.748203	False	0.133
5	98	9	17722.145	17.722145	False	0.404
5	98	10	11231.500	11.231500	False	0.465
5	98	11	16659.154	16.659154	False	0.456
5	99	1	9361.247	9.361247	False	0.133
5	99	2	18719.676	18.719676	False	0.48
5	99	3	19386.145	19.386145	False	0.406
5	99	4	5060.135	5.060135	False	0.133
5	99	5	2843.929	2.843929	False	0.133
5	99	6	3560.256	3.560256	False	0.133
5	99	7	3731.559	3.731559	False	0.133
5	100	1	15791.240	15.791240	False	0.397
5	100	2	21460.193	21.460193	False	0.404
5	100	3	19779.327	19.779327	True	0.862
5	101	1	16981.283	16.981283	False	0.382
5	101	2	11231.579	11.231579	False	0.133
5	101	3	7865.520	7.865520	False	0.401
5	101	4	14914.642	14.914642	False	0.133
5	101	5	7344.884	7.344884	False	0.401
5	101	6	3702.335	3.702335	False	0.401
5	101	7	18838.647	18.838647	False	0.38
5	101	8	19252.211	19.252211	False	0.449
5	101	9	4462.851	4.462851	False	0.401
5	101	10	12756.316	12.756316	False	0.399
5	101	11	14656.164	14.656164	False	0.42
5	101	12	20886.199	20.886199	False	0.488
5	101	13	16520.646	16.520646	False	0.435
5	101	14	22670.274	22.670274	False	0.417
5	101	15	18028.652	18.028652	False	0.491
5	101	16	18431.135	18.431135	False	0.386
5	101	17	1859.002	1.859002	False	0.401
5	102	1	27941.107	27.941107	False	0.414
5	102	2	32450.635	32.450635	False	0.41
5	102	3	4759.936	4.759936	False	0.133
5	102	4	22856.778	22.856778	False	0.412
5	102	5	15480.956	15.480956	False	0.459
5	102	6	17961.347	17.961347	False	0.464
5	102	7	16706.578	16.706578	False	0.389
5	102	8	22848.765	22.848765	False	0.391
5	102	9	20364.983	20.364983	False	0.46
5	102	10	2201.457	2.201457	False	0.133
5	103	1	4277.304	4.277304	False	0.133
5	103	2	17966.534	17.966534	False	0.46
5	103	3	10074.249	10.074249	False	0.133
5	103	4	25382.194	25.382194	False	0.508
5	103	5	8603.422	8.603422	False	0.133
5	103	6	17904.169	17.904169	False	0.469
5	103	7	18389.394	18.389394	False	0.424
5	103	8	1934.726	1.934726	False	0.133
5	103	9	15536.856	15.536856	False	0.133
5	104	1	9653.846	9.653846	False	0.133
5	104	2	26859.248	26.859248	False	0.51
5	104	3	6826.296	6.826296	False	0.411
5	104	4	8063.029	8.063029	False	0.411
5	104	5	22033.815	22.033815	False	0.437
5	104	6	22825.210	22.825210	False	0.48
5	104	7	19429.775	19.429775	True	0.815
5	105	1	4377.200	4.377200	False	0.133
5	105	2	14259.263	14.259263	False	0.454
5	105	3	1629.832	1.629832	False	0.133
5	105	4	20019.898	20.019898	False	0.461
5	105	5	6820.043	6.820043	False	0.133
5	105	6	15968.554	15.968554	False	0.426
5	105	7	21457.822	21.457822	False	0.133
5	106	1	22022.354	22.022354	False	0.453
5	106	2	18463.941	18.463941	False	0.534
5	106	3	19182.661	19.182661	False	0.509
5	106	4	9856.851	9.856851	False	0.133
5	106	5	17513.911	17.513911	False	0.133
5	106	6	1495.423	1.495423	False	0.133
5	106	7	17210.318	17.210318	False	0.133
5	107	1	18911.236	18.911236	False	0.412
5	107	2	16794.402	16.794402	False	0.133
5	107	3	18673.506	18.673506	False	0.377
5	107	4	17522.896	17.522896	False	0.402
5	107	5	19002.597	19.002597	False	0.434
5	107	6	13907.720	13.907720	False	0.133
5	107	7	15616.649	15.616649	False	0.443
5	107	8	3009.267	3.009267	False	0.133
5	107	9	13165.635	13.165635	False	0.133
5	107	10	2307.175	2.307175	False	0.133
5	108	1	17128.527	17.128527	False	0.403
5	108	2	16395.367	16.395367	False	0.421
5	108	3	14351.168	14.351168	False	0.133
5	108	4	18082.990	18.082990	False	0.413
5	108	5	17440.392	17.440392	False	0.447
5	108	6	17664.193	17.664193	False	0.446
5	108	7	19621.502	19.621502	False	0.47
5	108	8	15847.456	15.847456	False	0.422
5	108	9	8954.000	8.954000	False	0.423
5	108	10	2337.312	2.337312	False	0.423
5	108	11	14786.774	14.786774	False	0.426
5	108	12	25718.294	25.718294	False	0.414
5	109	1	18368.945	18.368945	False	0.451
5	109	2	19357.664	19.357664	False	0.407
5	109	3	14755.959	14.755959	False	0.42
5	109	4	17919.370	17.919370	False	0.419
5	109	5	4862.083	4.862083	False	0.133
5	109	6	12685.810	12.685810	False	0.133
5	110	1	19858.896	19.858896	False	0.4
5	110	2	22513.602	22.513602	False	0.437
5	110	3	17202.828	17.202828	False	0.478
5	110	4	18431.172	18.431172	False	0.492
5	110	5	3788.966	3.788966	False	0.133
5	110	6	16555.508	16.555508	False	0.398
5	110	7	14596.934	14.596934	False	0.133
5	110	8	17253.034	17.253034	False	0.442
5	110	9	28503.003	28.503003	False	0.443
5	111	1	19974.872	19.974872	False	0.442
5	111	2	23081.115	23.081115	False	0.364
5	111	3	16363.791	16.363791	False	0.49
5	111	4	19236.567	19.236567	False	0.427
5	111	5	18290.888	18.290888	False	0.441
5	111	6	4309.540	4.309540	False	0.133
5	111	7	16115.137	16.115137	False	0.512
5	111	8	17718.728	17.718728	False	0.478
5	111	9	21574.107	21.574107	False	0.493
5	111	10	21855.493	21.855493	False	0.475
5	111	11	2849.392	2.849392	False	0.133
5	111	12	2604.554	2.604554	False	0.133
5	112	1	3477.470	3.477470	False	0.133
5	112	2	18661.761	18.661761	False	0.133
5	112	3	15637.985	15.637985	False	0.446
5	112	4	19273.775	19.273775	False	0.45
5	112	5	15913.841	15.913841	False	0.496
5	112	6	3006.952	3.006952	False	0.133
5	112	7	3330.056	3.330056	False	0.133
5	112	8	2633.006	2.633006	False	0.133
5	112	9	17599.543	17.599543	True	0.743
5	113	1	6273.238	6.273238	False	0.133
5	113	2	13718.158	13.718158	False	0.133
5	113	3	19192.532	19.192532	False	0.133
5	113	4	20723.020	20.723020	False	0.133
5	114	1	20925.646	20.925646	False	0.406
5	114	2	18995.283	18.995283	False	0.417
5	114	3	19067.286	19.067286	True	0.831
5	115	1	12744.032	12.744032	True	0.785
5	116	1	15865.753	15.865753	False	0.514
5	116	2	14776.181	14.776181	False	0.133
5	116	3	17058.554	17.058554	False	0.133
5	116	4	2274.309	2.274309	False	0.133
5	116	5	14885.087	14.885087	False	0.133
5	117	1	17545.643	17.545643	False	0.133
5	117	2	13357.406	13.357406	False	0.51
5	117	3	7570.051	7.570051	False	0.133
5	117	4	2454.387	2.454387	False	0.133
5	117	5	20249.680	20.249680	False	0.133
5	117	6	23579.803	23.579803	False	0.133
5	118	1	15663.692	15.663692	False	0.133
5	118	2	7905.319	7.905319	False	0.429
5	118	3	2785.455	2.785455	False	0.429
5	118	4	20534.090	20.534090	False	0.426
5	118	5	2631.769	2.631769	False	0.429
5	118	6	24245.170	24.245170	False	0.429
5	118	7	19728.214	19.728214	False	0.431
5	119	1	22227.967	22.227967	False	0.472
5	119	2	16075.662	16.075662	False	0.459
5	119	3	10361.463	10.361463	False	0.499
5	119	4	25757.729	25.757729	False	0.133
5	119	5	7721.708	7.721708	False	0.499
5	119	6	16606.566	16.606566	False	0.482
5	119	7	21163.852	21.163852	False	0.47
5	119	8	10458.370	10.458370	False	0.499
5	120	1	14730.569	14.730569	False	0.133
5	120	2	12153.893	12.153893	False	0.133
5	120	3	13079.320	13.079320	False	0.133
5	120	4	11276.771	11.276771	False	0.133
5	121	1	20685.085	20.685085	False	0.338
5	121	2	14638.303	14.638303	False	0.133
5	121	3	7816.147	7.816147	False	0.443
5	121	4	28280.927	28.280927	False	0.446
5	121	5	4679.692	4.679692	False	0.443
5	121	6	3099.239	3.099239	False	0.443
5	121	7	18088.098	18.088098	False	0.441
5	121	8	13299.957	13.299957	False	0.133
5	122	1	5918.506	5.918506	False	0.133
5	122	2	1755.927	1.755927	False	0.133
5	122	3	14653.789	14.653789	False	0.133
5	122	4	19013.787	19.013787	False	0.454
5	122	5	11980.008	11.980008	False	0.133
5	122	6	16299.865	16.299865	True	0.858
5	123	1	2378.225	2.378225	False	0.133
5	123	2	11491.084	11.491084	False	0.133
5	123	3	12862.380	12.862380	False	0.133
5	123	4	12726.003	12.726003	False	0.133
5	124	1	17209.279	17.209279	False	0.407
5	124	2	4280.114	4.280114	False	0.133
5	124	3	18622.387	18.622387	False	0.418
5	124	4	12801.287	12.801287	False	0.133
5	124	5	8225.787	8.225787	False	0.133
5	124	6	2379.164	2.379164	False	0.133
5	124	7	1765.937	1.765937	False	0.133
5	125	1	1898.242	1.898242	False	0.133
5	125	2	16387.424	16.387424	False	0.133
5	125	3	16260.618	16.260618	False	0.133
5	125	4	20496.121	20.496121	False	0.417
5	125	5	16598.980	16.598980	False	0.382
5	125	6	22555.251	22.555251	False	0.432
5	125	7	16293.066	16.293066	False	0.516
5	125	8	13227.723	13.227723	False	0.424
5	125	9	23155.447	23.155447	False	0.434
5	125	10	15224.622	15.224622	False	0.133
5	125	11	9647.058	9.647058	False	0.133
5	125	12	14985.652	14.985652	False	0.133
5	126	1	4350.582	4.350582	False	0.133
5	126	2	17703.206	17.703206	False	0.454
5	126	3	13540.126	13.540126	False	0.133
5	126	4	15372.377	15.372377	False	0.133
5	126	5	16924.950	16.924950	False	0.435
5	126	6	4280.969	4.280969	False	0.133
5	126	7	16219.663	16.219663	False	0.459
5	127	1	7226.856	7.226856	False	0.499
5	127	2	13564.400	13.564400	True	0.795
5	128	1	2790.401	2.790401	False	0.133
5	128	2	2281.828	2.281828	False	0.133
5	128	3	18253.107	18.253107	False	0.316
5	128	4	11982.557	11.982557	False	0.133
5	128	5	12736.860	12.736860	False	0.133
5	128	6	24456.867	24.456867	False	0.505
5	128	7	9700.146	9.700146	False	0.133
5	128	8	16229.443	16.229443	False	0.444
5	128	9	10113.347	10.113347	False	0.458
5	128	10	12508.216	12.508216	False	0.133
5	128	11	10761.803	10.761803	False	0.133
5	129	1	13182.565	13.182565	False	0.499
5	129	2	10370.138	10.370138	False	0.412
5	129	3	14422.272	14.422272	False	0.133
5	129	4	17642.303	17.642303	False	0.418
5	129	5	12323.026	12.323026	False	0.133
5	129	6	16452.981	16.452981	False	0.133
5	130	1	17383.338	17.383338	False	0.416
5	130	2	16752.222	16.752222	False	0.54
5	130	3	3160.105	3.160105	False	0.133
5	130	4	2433.709	2.433709	False	0.133
5	130	5	2832.831	2.832831	False	0.133
5	130	6	20807.066	20.807066	False	0.133
5	131	1	14073.766	14.073766	False	0.471
5	131	2	10926.998	10.926998	False	0.133
5	131	3	17461.762	17.461762	False	0.574
5	131	4	11714.849	11.714849	False	0.133
5	131	5	5647.525	5.647525	False	0.133
5	131	6	35733.958	35.733958	False	0.133
5	131	7	16192.360	16.192360	False	0.133
5	132	1	17011.155	17.011155	False	0.407
5	132	2	11773.062	11.773062	False	0.133
5	132	3	18931.992	18.931992	False	0.421
5	132	4	15167.077	15.167077	False	0.457
5	132	5	11421.910	11.421910	False	0.133
5	132	6	12968.209	12.968209	False	0.133
5	132	7	11392.211	11.392211	False	0.133
5	132	8	12430.096	12.430096	False	0.417
5	132	9	2819.941	2.819941	False	0.133
5	133	1	18123.725	18.123725	False	0.462
5	133	2	22723.803	22.723803	False	0.576
5	133	3	11182.729	11.182729	False	0.133
5	133	4	13245.680	13.245680	False	0.133
5	133	5	11931.035	11.931035	False	0.133
5	133	6	11819.421	11.819421	False	0.133
5	134	1	12124.093	12.124093	False	0.133
5	134	2	16285.713	16.285713	False	0.133
5	134	3	3043.188	3.043188	False	0.133
5	134	4	17138.601	17.138601	False	0.446
5	134	5	3881.841	3.881841	False	0.133
5	134	6	16035.917	16.035917	False	0.528
5	134	7	19904.384	19.904384	True	0.689
5	135	1	12244.699	12.244699	False	0.448
5	135	2	7820.803	7.820803	False	0.522
5	135	3	19716.737	19.716737	False	0.547
5	135	4	15674.974	15.674974	False	0.414
5	135	5	16590.292	16.590292	False	0.465
5	135	6	16953.743	16.953743	False	0.477
5	135	7	15266.159	15.266159	False	0.133
5	135	8	2473.238	2.473238	False	0.522
5	136	1	16363.565	16.363565	False	0.487
5	136	2	10048.850	10.048850	False	0.554
5	136	3	1854.052	1.854052	False	0.554
5	136	4	1792.161	1.792161	False	0.554
5	136	5	15328.830	15.328830	False	0.133
5	136	6	13830.631	13.830631	False	0.133
5	136	7	8815.662	8.815662	False	0.133
5	137	1	15575.056	15.575056	False	0.133
5	137	2	18899.448	18.899448	False	0.483
5	137	3	11448.779	11.448779	False	0.133
5	137	4	15401.073	15.401073	False	0.447
5	137	5	1879.508	1.879508	False	0.133
5	137	6	1713.587	1.713587	False	0.133
5	137	7	12359.423	12.359423	False	0.133
5	138	1	15860.689	15.860689	False	0.434
5	138	2	6896.572	6.896572	False	0.448
5	138	3	15089.373	15.089373	False	0.448
5	138	4	3646.519	3.646519	False	0.448
5	138	5	2604.885	2.604885	False	0.448
5	138	6	17374.291	17.374291	True	0.779
5	139	1	15223.797	15.223797	False	0.444
5	139	2	18023.044	18.023044	False	0.459
5	139	3	15907.401	15.907401	False	0.133
5	139	4	35481.840	35.481840	False	0.426
5	139	5	16281.734	16.281734	False	0.133
5	139	6	19359.593	19.359593	False	0.497
5	139	7	21091.213	21.091213	False	0.415
5	139	8	2391.268	2.391268	False	0.133
5	139	9	14619.976	14.619976	False	0.133
5	139	10	18496.805	18.496805	False	0.44
5	139	11	15145.251	15.145251	False	0.377
5	140	1	10438.265	10.438265	False	0.133
5	140	2	9700.944	9.700944	False	0.133
5	140	3	14659.617	14.659617	False	0.133
5	140	4	16176.912	16.176912	False	0.49
5	140	5	18424.108	18.424108	False	0.451
5	140	6	17272.115	17.272115	False	0.515
5	140	7	18401.675	18.401675	False	0.384
5	140	8	26959.589	26.959589	False	0.462
5	140	9	19566.226	19.566226	False	0.443
5	140	10	15920.423	15.920423	False	0.133
5	140	11	2519.160	2.519160	False	0.133
5	141	1	9630.755	9.630755	False	0.133
5	141	2	17718.769	17.718769	False	0.446
5	141	3	16418.775	16.418775	False	0.414
5	141	4	16493.156	16.493156	False	0.414
5	141	5	14312.376	14.312376	False	0.133
5	141	6	20886.206	20.886206	False	0.486
5	141	7	15777.002	15.777002	False	0.457
5	141	8	13748.344	13.748344	False	0.133
5	141	9	19106.151	19.106151	False	0.449
5	141	10	30244.656	30.244656	True	0.841
5	142	1	13240.405	13.240405	True	0.783
5	143	1	34470.696	34.470696	False	0.133
5	143	2	2049.956	2.049956	False	0.133
5	143	3	16265.368	16.265368	False	0.472
5	143	4	19077.815	19.077815	False	0.439
5	143	5	2598.940	2.598940	False	0.133
5	143	6	15950.040	15.950040	False	0.459
5	143	7	19279.252	19.279252	False	0.47
5	143	8	14148.327	14.148327	False	0.133
5	144	1	10600.621	10.600621	False	0.133
5	144	2	17433.220	17.433220	False	0.444
5	144	3	13269.778	13.269778	False	0.133
5	144	4	18209.737	18.209737	False	0.506
5	144	5	3180.287	3.180287	False	0.133
5	144	6	12757.934	12.757934	False	0.133
5	144	7	3233.486	3.233486	False	0.133
5	144	8	2194.803	2.194803	False	0.133
5	145	1	16956.868	16.956868	False	0.403
5	145	2	14381.826	14.381826	False	0.133
5	145	3	10543.239	10.543239	False	0.133
5	145	4	14373.239	14.373239	False	0.133
5	145	5	35217.565	35.217565	False	0.133
5	146	1	2827.752	2.827752	False	0.133
5	146	2	8299.423	8.299423	False	0.133
5	146	3	16918.577	16.918577	False	0.435
5	146	4	13161.592	13.161592	False	0.133
5	146	5	15324.696	15.324696	False	0.368
5	146	6	27154.111	27.154111	False	0.133
5	146	7	17048.769	17.048769	False	0.133
5	146	8	16387.443	16.387443	False	0.133
5	147	1	18335.031	18.335031	False	0.434
5	147	2	2644.701	2.644701	False	0.434
5	147	3	2928.968	2.928968	False	0.434
5	147	4	18579.917	18.579917	False	0.432
5	147	5	12895.814	12.895814	False	0.133
5	147	6	14717.820	14.717820	False	0.407
5	148	1	17752.832	17.752832	False	0.343
5	148	2	19328.966	19.328966	False	0.415
5	148	3	4583.244	4.583244	False	0.133
5	148	4	13608.451	13.608451	False	0.133
5	148	5	18932.429	18.932429	False	0.378
5	148	6	17842.317	17.842317	False	0.401
5	148	7	15398.271	15.398271	False	0.133
5	149	1	7031.811	7.031811	False	0.433
5	149	2	17620.205	17.620205	False	0.448
5	149	3	3548.842	3.548842	False	0.433
5	149	4	2191.984	2.191984	False	0.433
5	149	5	18739.757	18.739757	False	0.458
5	149	6	17868.959	17.868959	False	0.463
5	149	7	17568.337	17.568337	False	0.435
5	149	8	14417.860	14.417860	False	0.428
5	149	9	10897.052	10.897052	False	0.428
5	149	10	17776.554	17.776554	True	0.78
5	150	1	22123.485	22.123485	False	0.462
5	150	2	16771.014	16.771014	False	0.413
5	150	3	27299.708	27.299708	False	0.445
5	150	4	17120.877	17.120877	False	0.422
5	150	5	21442.299	21.442299	False	0.448
5	150	6	13408.998	13.408998	False	0.133
5	151	1	4179.717	4.179717	False	0.133
5	151	2	19164.889	19.164889	False	0.427
5	151	3	15018.075	15.018075	False	0.459
5	151	4	11371.830	11.371830	False	0.133
5	151	5	13980.750	13.980750	False	0.416
5	151	6	13550.887	13.550887	False	0.133
5	151	7	15173.019	15.173019	False	0.133
5	151	8	11978.855	11.978855	False	0.133
5	152	1	7401.434	7.401434	False	0.133
5	152	2	17889.177	17.889177	False	0.413
5	152	3	2822.713	2.822713	False	0.133
5	152	4	16084.090	16.084090	False	0.433
5	152	5	9640.041	9.640041	False	0.133
5	152	6	14176.883	14.176883	False	0.133
5	152	7	22417.523	22.417523	False	0.417
5	152	8	18082.959	18.082959	False	0.414
5	152	9	10946.024	10.946024	False	0.133
5	153	1	16031.074	16.031074	False	0.28
5	153	2	8939.206	8.939206	False	0.415
5	153	3	3475.338	3.475338	False	0.415
5	153	4	17903.172	17.903172	False	0.388
5	153	5	14431.631	14.431631	False	0.406
5	153	6	17220.320	17.220320	False	0.424
5	153	7	17986.673	17.986673	False	0.442
5	153	8	19031.741	19.031741	False	0.47
5	153	9	16915.628	16.915628	False	0.417
5	153	10	16847.247	16.847247	False	0.487
5	153	11	3972.300	3.972300	False	0.415
5	153	12	14938.197	14.938197	False	0.422
5	153	13	18928.492	18.928492	False	0.448
5	153	14	17058.313	17.058313	False	0.466
5	153	15	2938.271	2.938271	False	0.415
5	154	1	3339.969	3.339969	False	0.133
5	154	2	16494.161	16.494161	False	0.455
5	154	3	12057.756	12.057756	False	0.133
5	154	4	17430.226	17.430226	False	0.397
5	154	5	18447.087	18.447087	False	0.461
5	154	6	10507.826	10.507826	True	0.795
5	155	1	9634.026	9.634026	False	0.133
5	155	2	11236.239	11.236239	False	0.133
5	155	3	23221.763	23.221763	False	0.425
5	155	4	2204.963	2.204963	False	0.133
5	155	5	2096.439	2.096439	False	0.133
5	155	6	15890.680	15.890680	False	0.133
5	155	7	15179.784	15.179784	False	0.133
5	156	1	20431.578	20.431578	False	0.589
5	156	2	22016.807	22.016807	False	0.452
5	156	3	16569.658	16.569658	False	0.53
5	156	4	12995.778	12.995778	False	0.501
5	156	5	14133.711	14.133711	False	0.133
5	156	6	12367.835	12.367835	False	0.133
5	157	1	12936.560	12.936560	False	0.462
5	157	2	14308.916	14.308916	False	0.133
5	157	3	16556.710	16.556710	False	0.467
5	157	4	9074.271	9.074271	False	0.133
5	157	5	2124.134	2.124134	False	0.133
5	157	6	16595.977	16.595977	False	0.133
5	158	1	14505.634	14.505634	False	0.408
5	158	2	21209.508	21.209508	False	0.481
5	158	3	22392.964	22.392964	False	0.395
5	158	4	7803.555	7.803555	False	0.418
5	158	5	12710.549	12.710549	False	0.394
5	158	6	20879.020	20.879020	False	0.436
5	158	7	15904.800	15.904800	False	0.401
5	159	1	11239.706	11.239706	False	0.133
5	159	2	14631.370	14.631370	False	0.413
5	159	3	22053.167	22.053167	False	0.465
5	159	4	17348.569	17.348569	False	0.449
5	159	5	2216.064	2.216064	False	0.413
5	159	6	18989.095	18.989095	False	0.373
5	159	7	15256.880	15.256880	False	0.397
5	159	8	13922.712	13.922712	False	0.133
5	160	1	9982.528	9.982528	False	0.133
5	160	2	12316.444	12.316444	False	0.133
5	160	3	18288.865	18.288865	False	0.133
5	160	4	14355.521	14.355521	False	0.133
5	161	1	5199.881	5.199881	False	0.133
5	161	2	22231.979	22.231979	False	0.512
5	161	3	26486.103	26.486103	False	0.133
5	161	4	19528.096	19.528096	False	0.133
5	161	5	17444.888	17.444888	False	0.462
5	161	6	10175.935	10.175935	False	0.133
5	161	7	14235.977	14.235977	False	0.579
5	161	8	4766.183	4.766183	False	0.133
5	161	9	1739.386	1.739386	False	0.133
5	161	10	12915.304	12.915304	False	0.133
5	161	11	12234.582	12.234582	True	0.851
5	162	1	12591.112	12.591112	False	0.133
5	162	2	17179.514	17.179514	False	0.454
5	162	3	15362.189	15.362189	False	0.48
5	162	4	5788.054	5.788054	False	0.133
5	162	5	17140.504	17.140504	False	0.403
5	162	6	10532.213	10.532213	False	0.133
5	162	7	17685.771	17.685771	False	0.372
5	162	8	10763.816	10.763816	False	0.133
5	163	1	15041.442	15.041442	False	0.133
5	163	2	17479.872	17.479872	True	0.892
5	164	1	16613.710	16.613710	False	0.422
5	164	2	46822.823	46.822823	False	0.457
5	164	3	4559.306	4.559306	False	0.133
5	164	4	16919.428	16.919428	False	0.133
5	164	5	24236.303	24.236303	False	0.416
5	164	6	1969.632	1.969632	False	0.133
5	164	7	3552.343	3.552343	False	0.133
5	165	1	20980.952	20.980952	False	0.566
5	165	2	17887.395	17.887395	False	0.58
5	165	3	10567.685	10.567685	False	0.133
5	165	4	14304.613	14.304613	False	0.133
5	165	5	13855.661	13.855661	False	0.133
5	165	6	1260.019	1.260019	False	0.133
5	166	1	2727.429	2.727429	False	0.133
5	166	2	14462.801	14.462801	False	0.133
5	166	3	15586.785	15.586785	True	0.78
5	167	1	16287.695	16.287695	False	0.394
5	167	2	17113.796	17.113796	False	0.395
5	167	3	12551.077	12.551077	False	0.133
5	167	4	24370.045	24.370045	False	0.499
5	167	5	24940.886	24.940886	False	0.353
5	167	6	16614.283	16.614283	False	0.421
5	167	7	17825.590	17.825590	False	0.419
5	167	8	15669.115	15.669115	True	0.759
5	168	1	17346.935	17.346935	False	0.446
5	168	2	15962.474	15.962474	False	0.384
5	168	3	18315.603	18.315603	False	0.372
5	168	4	15781.311	15.781311	False	0.133
5	168	5	16410.884	16.410884	False	0.349
5	168	6	20828.763	20.828763	False	0.416
5	169	1	27971.461	27.971461	False	0.454
5	169	2	15768.646	15.768646	False	0.445
5	169	3	14213.034	14.213034	True	0.662
5	170	1	16462.636	16.462636	True	0.827
5	171	1	9640.176	9.640176	False	0.133
5	171	2	14271.796	14.271796	True	0.721
5	172	1	15141.930	15.141930	False	0.613
5	172	2	11676.470	11.676470	False	0.133
5	172	3	20315.035	20.315035	False	0.133
5	172	4	28363.066	28.363066	False	0.533
5	172	5	13538.739	13.538739	True	0.789
5	173	1	16147.565	16.147565	False	0.426
5	173	2	33220.350	33.220350	False	0.133
5	173	3	17003.685	17.003685	False	0.133
5	173	4	9815.423	9.815423	False	0.133
5	173	5	11979.158	11.979158	False	0.133
5	174	1	17887.024	17.887024	False	0.133
5	174	2	14386.516	14.386516	False	0.133
5	174	3	14486.634	14.486634	False	0.133
5	174	4	19528.609	19.528609	False	0.55
5	174	5	12549.179	12.549179	False	0.133
5	174	6	13524.102	13.524102	False	0.133
5	174	7	2639.031	2.639031	False	0.133
5	174	8	3085.030	3.085030	False	0.133
5	175	1	20138.998	20.138998	False	0.451
5	175	2	14650.283	14.650283	False	0.133
5	175	3	23034.144	23.034144	False	0.485
5	175	4	18095.179	18.095179	False	0.51
5	175	5	5076.285	5.076285	True	0.756
5	176	1	14832.956	14.832956	False	0.133
5	176	2	3745.732	3.745732	False	0.133
5	176	3	19313.620	19.313620	False	0.448
5	176	4	17057.999	17.057999	False	0.396
5	176	5	11821.458	11.821458	False	0.133
5	176	6	3819.045	3.819045	False	0.133
5	176	7	20511.512	20.511512	False	0.517
5	176	8	21353.294	21.353294	False	0.415
5	176	9	13465.951	13.465951	False	0.133
5	176	10	16029.380	16.029380	False	0.512
5	176	11	19351.959	19.351959	False	0.482
5	176	12	12912.267	12.912267	False	0.133
5	177	1	19917.789	19.917789	False	0.418
5	177	2	11809.639	11.809639	False	0.133
5	177	3	9542.650	9.542650	False	0.133
5	177	4	10295.277	10.295277	False	0.133
5	177	5	18816.527	18.816527	False	0.446
5	177	6	13176.869	13.176869	False	0.133
5	177	7	16776.965	16.776965	False	0.506
5	177	8	15836.601	15.836601	False	0.133
5	177	9	3178.711	3.178711	False	0.133
5	177	10	10595.185	10.595185	False	0.133
5	177	11	9740.830	9.740830	False	0.133
5	178	1	14378.032	14.378032	False	0.133
5	178	2	5651.439	5.651439	False	0.42
5	178	3	16774.830	16.774830	False	0.449
5	178	4	10610.321	10.610321	False	0.133
5	178	5	20019.927	20.019927	False	0.461
5	178	6	2770.848	2.770848	False	0.42
5	178	7	19574.149	19.574149	False	0.48
5	178	8	17749.211	17.749211	True	0.768
5	179	1	18920.709	18.920709	False	0.446
5	179	2	26036.986	26.036986	False	0.432
5	179	3	18328.646	18.328646	False	0.439
5	179	4	21135.200	21.135200	False	0.444
5	179	5	18245.762	18.245762	False	0.459
5	179	6	43647.080	43.647080	False	0.133
5	179	7	21128.399	21.128399	False	0.433
5	179	8	3909.831	3.909831	True	0.769
5	180	1	9222.546	9.222546	False	0.524
5	180	2	19661.291	19.661291	True	0.806
5	181	1	17445.798	17.445798	False	0.433
5	181	2	16865.595	16.865595	False	0.547
5	181	3	18040.292	18.040292	False	0.557
5	181	4	13617.802	13.617802	True	0.946
5	182	1	16398.317	16.398317	False	0.629
5	182	2	19609.979	19.609979	False	0.46
5	182	3	16715.145	16.715145	False	0.5
5	182	4	4475.577	4.475577	True	0.945
5	183	1	18671.514	18.671514	False	0.431
5	183	2	20767.772	20.767772	False	0.452
5	183	3	13644.723	13.644723	False	0.38
5	183	4	15639.802	15.639802	False	0.133
5	183	5	8339.804	8.339804	False	0.444
5	183	6	2121.771	2.121771	False	0.444
5	183	7	3740.530	3.740530	False	0.444
5	184	1	15512.137	15.512137	False	0.486
5	184	2	17069.992	17.069992	False	0.438
5	184	3	17671.534	17.671534	False	0.459
5	184	4	18526.897	18.526897	False	0.427
5	184	5	19000.072	19.000072	False	0.427
5	184	6	19666.760	19.666760	False	0.457
5	185	1	18238.785	18.238785	False	0.44
5	185	2	9166.561	9.166561	False	0.463
5	185	3	4518.470	4.518470	False	0.463
5	185	4	18402.893	18.402893	False	0.433
5	185	5	21742.588	21.742588	False	0.439
5	185	6	18833.420	18.833420	False	0.453
5	185	7	15322.868	15.322868	False	0.133
5	186	1	22186.221	22.186221	False	0.471
5	186	2	8441.714	8.441714	False	0.499
5	186	3	14187.245	14.187245	False	0.471
5	186	4	13252.667	13.252667	True	0.852
5	187	1	9874.236	9.874236	False	0.133
5	187	2	15013.474	15.013474	False	0.43
5	187	3	16079.873	16.079873	False	0.465
5	187	4	11332.252	11.332252	False	0.133
5	187	5	1811.234	1.811234	False	0.43
5	187	6	1969.075	1.969075	False	0.43
5	187	7	4362.217	4.362217	False	0.43
5	187	8	3224.378	3.224378	False	0.43
5	188	1	17476.541	17.476541	False	0.133
5	188	2	11006.605	11.006605	False	0.42
5	188	3	16645.359	16.645359	True	0.724
5	189	1	7271.769	7.271769	False	0.405
5	189	2	20569.306	20.569306	False	0.497
5	189	3	28045.539	28.045539	False	0.51
5	189	4	17003.558	17.003558	False	0.457
5	189	5	16381.133	16.381133	False	0.395
5	189	6	18955.629	18.955629	False	0.491
5	189	7	16794.460	16.794460	False	0.429
5	189	8	17638.714	17.638714	False	0.394
5	190	1	8870.612	8.870612	False	0.133
5	190	2	19317.947	19.317947	False	0.491
5	190	3	14986.547	14.986547	False	0.426
5	190	4	2582.436	2.582436	False	0.133
5	190	5	17967.623	17.967623	False	0.133
5	190	6	10438.746	10.438746	False	0.133
5	190	7	13720.329	13.720329	False	0.133
5	191	1	16664.460	16.664460	False	0.404
5	191	2	17163.909	17.163909	False	0.379
5	191	3	18583.728	18.583728	False	0.395
5	191	4	2293.817	2.293817	False	0.404
5	191	5	16950.076	16.950076	False	0.133
5	191	6	13375.589	13.375589	False	0.404
5	192	1	19010.457	19.010457	False	0.605
5	192	2	17084.159	17.084159	False	0.544
5	192	3	12824.834	12.824834	False	0.133
5	192	4	20725.435	20.725435	False	0.455
5	192	5	13367.821	13.367821	False	0.133
5	192	6	11785.537	11.785537	False	0.544
5	193	1	16453.056	16.453056	False	0.496
5	193	2	13911.603	13.911603	True	0.899
5	194	1	11270.385	11.270385	False	0.133
5	194	2	18206.073	18.206073	False	0.492
5	194	3	13889.047	13.889047	False	0.133
5	194	4	16090.890	16.090890	False	0.133
5	194	5	11994.258	11.994258	False	0.133
5	194	6	11005.151	11.005151	False	0.133
5	195	1	16477.028	16.477028	False	0.133
5	195	2	16720.276	16.720276	True	0.85
5	196	1	18675.440	18.675440	False	0.579
5	196	2	13333.624	13.333624	True	0.909
5	197	1	16132.376	16.132376	False	0.133
5	197	2	20513.034	20.513034	True	0.726
5	198	1	20388.172	20.388172	False	0.133
5	198	2	11588.368	11.588368	False	0.133
5	198	3	17873.343	17.873343	False	0.492
5	198	4	3546.634	3.546634	False	0.133
5	198	5	17539.159	17.539159	False	0.528
5	198	6	22437.466	22.437466	False	0.133
5	198	7	22305.804	22.305804	False	0.133
5	198	8	4003.216	4.003216	False	0.133
5	198	9	21624.778	21.624778	False	0.469
5	198	10	22169.583	22.169583	False	0.514
5	199	1	8152.522	8.152522	False	0.414
5	199	2	19749.692	19.749692	False	0.439
5	199	3	18179.711	18.179711	False	0.439
5	199	4	2703.575	2.703575	False	0.414
5	199	5	5085.753	5.085753	False	0.414
5	199	6	32519.118	32.519118	False	0.438
5	199	7	19278.931	19.278931	False	0.466
5	199	8	11686.563	11.686563	False	0.133
5	199	9	8842.668	8.842668	False	0.499
5	199	10	2215.604	2.215604	False	0.414
5	199	11	14530.407	14.530407	False	0.42
5	199	12	1737.059	1.737059	False	0.414
5	199	13	18275.836	18.275836	False	0.43
5	199	14	17813.180	17.813180	False	0.382
5	200	1	18094.753	18.094753	False	0.465
5	200	2	27092.910	27.092910	False	0.446
5	200	3	20646.386	20.646386	False	0.451
5	200	4	17425.852	17.425852	False	0.363
5	200	5	17678.306	17.678306	False	0.447
5	200	6	14279.946	14.279946	False	0.447
5	201	1	3980.443	3.980443	False	0.133
5	201	2	18065.533	18.065533	False	0.415
5	201	3	19749.351	19.749351	False	0.419
5	201	4	2458.592	2.458592	False	0.133
5	201	5	17364.288	17.364288	False	0.498
5	201	6	17978.635	17.978635	False	0.484
5	201	7	2764.840	2.764840	False	0.133
5	201	8	4055.303	4.055303	False	0.133
5	201	9	14724.218	14.724218	False	0.133
5	201	10	2769.028	2.769028	False	0.133
5	202	1	13476.320	13.476320	False	0.133
5	202	2	16634.616	16.634616	False	0.133
5	202	3	20294.774	20.294774	False	0.465
5	202	4	16175.454	16.175454	False	0.133
5	202	5	11444.711	11.444711	False	0.133
5	202	6	2929.050	2.929050	False	0.133
5	202	7	20503.936	20.503936	False	0.387
5	202	8	2449.059	2.449059	False	0.133
5	203	1	8421.128	8.421128	False	0.441
5	203	2	2943.189	2.943189	False	0.441
5	203	3	16098.939	16.098939	False	0.431
5	203	4	18709.681	18.709681	False	0.458
5	203	5	3100.981	3.100981	False	0.441
5	203	6	3105.579	3.105579	False	0.441
5	203	7	13516.976	13.516976	False	0.133
5	203	8	11506.627	11.506627	False	0.133
5	203	9	9549.251	9.549251	False	0.133
5	204	1	11842.627	11.842627	False	0.133
5	204	2	8841.280	8.841280	False	0.133
5	204	3	17479.149	17.479149	False	0.464
5	204	4	16317.439	16.317439	False	0.476
5	204	5	15544.841	15.544841	False	0.439
5	204	6	7387.383	7.387383	False	0.44
5	204	7	16287.511	16.287511	False	0.368
5	204	8	13276.888	13.276888	False	0.133
5	204	9	10596.179	10.596179	False	0.133
5	205	1	7791.207	7.791207	False	0.436
5	205	2	3082.615	3.082615	False	0.436
5	205	3	13522.742	13.522742	False	0.133
5	205	4	2689.929	2.689929	False	0.436
5	205	5	14609.758	14.609758	False	0.421
5	205	6	9549.815	9.549815	False	0.436
5	206	1	17220.411	17.220411	False	0.133
5	206	2	20163.950	20.163950	False	0.442
5	206	3	8535.892	8.535892	False	0.437
5	206	4	2924.252	2.924252	False	0.437
5	206	5	18669.594	18.669594	False	0.437
5	206	6	14873.677	14.873677	False	0.133
5	206	7	13227.273	13.227273	False	0.133
5	207	1	19283.814	19.283814	False	0.433
5	207	2	19473.802	19.473802	False	0.421
5	207	3	8664.773	8.664773	False	0.44
5	207	4	17737.917	17.737917	False	0.446
5	207	5	18897.107	18.897107	False	0.466
5	207	6	17182.082	17.182082	False	0.462
5	207	7	3070.763	3.070763	False	0.44
5	207	8	2594.052	2.594052	False	0.44
5	207	9	19253.253	19.253253	False	0.451
5	207	10	15042.848	15.042848	False	0.133
5	208	1	9799.982	9.799982	False	0.133
5	208	2	14658.228	14.658228	False	0.428
5	208	3	9010.143	9.010143	False	0.435
5	208	4	3469.768	3.469768	False	0.435
5	208	5	16222.967	16.222967	False	0.442
5	208	6	12785.186	12.785186	False	0.133
5	208	7	11269.967	11.269967	False	0.133
5	208	8	10816.431	10.816431	False	0.133
5	208	9	12907.212	12.907212	False	0.133
5	209	1	29188.853	29.188853	False	0.439
5	209	2	12293.129	12.293129	False	0.133
5	209	3	17395.913	17.395913	False	0.44
5	209	4	6188.919	6.188919	False	0.447
5	209	5	27346.171	27.346171	False	0.42
5	209	6	9395.788	9.395788	False	0.133
5	210	1	16644.286	16.644286	False	0.442
5	210	2	6653.640	6.653640	False	0.133
5	210	3	17019.261	17.019261	False	0.443
5	210	4	4190.325	4.190325	False	0.133
5	210	5	16631.405	16.631405	False	0.471
5	210	6	17113.624	17.113624	False	0.409
5	210	7	2437.398	2.437398	False	0.133
5	210	8	2135.846	2.135846	False	0.133
5	210	9	12585.102	12.585102	False	0.133
5	210	10	2434.986	2.434986	False	0.133
5	211	1	9186.220	9.186220	False	0.444
5	211	2	10976.284	10.976284	False	0.444
5	211	3	18257.216	18.257216	False	0.133
5	211	4	20427.922	20.427922	False	0.435
5	211	5	24072.545	24.072545	False	0.45
5	211	6	2925.259	2.925259	False	0.444
5	212	1	11300.937	11.300937	False	0.133
5	212	2	22702.749	22.702749	False	0.547
5	212	3	12633.402	12.633402	False	0.466
5	212	4	22279.854	22.279854	True	0.801
5	213	1	19881.085	19.881085	False	0.481
5	213	2	8632.519	8.632519	False	0.433
5	213	3	22468.774	22.468774	False	0.415
5	213	4	22313.602	22.313602	False	0.45
5	213	5	10608.405	10.608405	False	0.133
5	213	6	45098.275	45.098275	False	0.476
5	214	1	16065.130	16.065130	False	0.441
5	214	2	11474.063	11.474063	False	0.133
5	214	3	11394.596	11.394596	False	0.133
5	214	4	9854.225	9.854225	False	0.133
5	214	5	5059.091	5.059091	False	0.133
5	215	1	16934.349	16.934349	False	0.439
5	215	2	16963.133	16.963133	True	0.778
5	216	1	15418.347	15.418347	False	0.442
5	216	2	12767.486	12.767486	False	0.133
5	216	3	2686.460	2.686460	False	0.133
5	216	4	3091.227	3.091227	False	0.133
5	216	5	16217.240	16.217240	False	0.133
5	217	1	15668.028	15.668028	False	0.133
5	217	2	14479.428	14.479428	False	0.422
5	217	3	17127.114	17.127114	False	0.436
5	217	4	15428.254	15.428254	False	0.414
5	217	5	20370.289	20.370289	False	0.456
5	217	6	13171.644	13.171644	False	0.133
5	217	7	17210.906	17.210906	False	0.436
5	217	8	16507.901	16.507901	False	0.487
5	217	9	18587.142	18.587142	False	0.464
5	217	10	11475.888	11.475888	False	0.436
5	217	11	18577.631	18.577631	False	0.454
5	217	12	18355.128	18.355128	False	0.478
5	217	13	17762.715	17.762715	False	0.48
5	218	1	11653.251	11.653251	False	0.133
5	218	2	19715.013	19.715013	False	0.47
5	218	3	21008.165	21.008165	False	0.527
5	218	4	12520.517	12.520517	False	0.133
5	218	5	7692.679	7.692679	False	0.133
5	218	6	4542.191	4.542191	False	0.133
5	218	7	4979.398	4.979398	False	0.133
5	219	1	14167.405	14.167405	False	0.133
5	219	2	16669.543	16.669543	False	0.444
5	219	3	16449.933	16.449933	False	0.133
5	219	4	18542.401	18.542401	False	0.426
5	219	5	12848.700	12.848700	False	0.133
5	219	6	19555.775	19.555775	False	0.451
5	219	7	12173.986	12.173986	False	0.133
5	220	1	9745.804	9.745804	False	0.133
5	220	2	13446.987	13.446987	False	0.133
5	220	3	10471.527	10.471527	False	0.133
5	220	4	4298.491	4.298491	False	0.133
5	221	1	13094.685	13.094685	False	0.133
5	221	2	16677.809	16.677809	False	0.446
5	221	3	3180.221	3.180221	False	0.446
5	221	4	3661.949	3.661949	False	0.446
5	221	5	4910.324	4.910324	False	0.446
5	221	6	12051.393	12.051393	False	0.133
5	221	7	16317.974	16.317974	False	0.426
5	222	1	17039.640	17.039640	False	0.133
5	222	2	4287.672	4.287672	False	0.133
5	222	3	3378.422	3.378422	False	0.133
5	222	4	29034.672	29.034672	False	0.511
5	222	5	15805.584	15.805584	False	0.133
5	222	6	16728.026	16.728026	False	0.383
5	222	7	11784.121	11.784121	False	0.455
5	222	8	3718.761	3.718761	False	0.133
5	222	9	19876.634	19.876634	False	0.394
5	223	1	15464.094	15.464094	False	0.443
5	223	2	15816.081	15.816081	False	0.468
5	223	3	16013.792	16.013792	False	0.446
5	223	4	12023.603	12.023603	False	0.458
5	223	5	15644.629	15.644629	False	0.133
5	223	6	5120.213	5.120213	False	0.133
5	223	7	11876.347	11.876347	False	0.443
5	224	1	13766.436	13.766436	False	0.133
5	224	2	11412.827	11.412827	False	0.133
5	224	3	11252.864	11.252864	False	0.133
5	224	4	5031.243	5.031243	False	0.133
5	225	1	4132.955	4.132955	False	0.133
5	225	2	18671.134	18.671134	False	0.424
5	225	3	18941.086	18.941086	False	0.393
5	225	4	16033.075	16.033075	False	0.436
5	225	5	19857.275	19.857275	False	0.449
5	225	6	13700.773	13.700773	False	0.424
5	225	7	11394.586	11.394586	False	0.133
5	225	8	3162.267	3.162267	False	0.133
5	225	9	23706.411	23.706411	False	0.354
5	225	10	21609.117	21.609117	False	0.412
5	226	1	16364.316	16.364316	False	0.526
5	226	2	15345.604	15.345604	False	0.454
5	226	3	8108.147	8.108147	False	0.438
5	226	4	20507.174	20.507174	False	0.44
5	226	5	15022.233	15.022233	False	0.429
5	226	6	16713.804	16.713804	False	0.438
5	227	1	15182.273	15.182273	False	0.459
5	227	2	12201.195	12.201195	False	0.133
5	227	3	18965.123	18.965123	False	0.411
5	227	4	6681.133	6.681133	False	0.133
5	227	5	18345.105	18.345105	False	0.43
5	227	6	15640.885	15.640885	False	0.133
5	228	1	3916.911	3.916911	False	0.133
5	228	2	19630.420	19.630420	False	0.449
5	228	3	2780.347	2.780347	False	0.133
5	228	4	13561.395	13.561395	False	0.133
5	228	5	15372.822	15.372822	False	0.481
5	228	6	20937.132	20.937132	False	0.587
5	228	7	2941.157	2.941157	False	0.133
5	228	8	16270.204	16.270204	False	0.389
5	228	9	2433.656	2.433656	False	0.133
5	228	10	15008.861	15.008861	False	0.133
5	228	11	14457.506	14.457506	False	0.133
5	229	1	16937.294	16.937294	False	0.133
5	229	2	20531.056	20.531056	False	0.369
5	229	3	22805.166	22.805166	False	0.133
5	229	4	18433.292	18.433292	False	0.469
5	229	5	13165.153	13.165153	False	0.133
5	229	6	4354.309	4.354309	False	0.133
5	229	7	3261.754	3.261754	False	0.133
5	229	8	2543.268	2.543268	False	0.133
5	230	1	11828.521	11.828521	False	0.133
5	230	2	16181.466	16.181466	False	0.427
5	230	3	21206.013	21.206013	False	0.133
5	230	4	3966.002	3.966002	False	0.133
5	230	5	2756.996	2.756996	False	0.133
5	230	6	11321.912	11.321912	False	0.133
5	231	1	11637.638	11.637638	False	0.133
5	231	2	17857.211	17.857211	False	0.447
5	231	3	9699.285	9.699285	False	0.133
5	231	4	11362.004	11.362004	False	0.133
5	231	5	6983.686	6.983686	False	0.133
5	231	6	13676.287	13.676287	False	0.435
5	231	7	13198.346	13.198346	False	0.133
5	232	1	12904.773	12.904773	False	0.457
5	232	2	14069.754	14.069754	False	0.133
5	232	3	17169.322	17.169322	False	0.541
5	232	4	8008.016	8.008016	False	0.444
5	232	5	17937.286	17.937286	False	0.443
5	232	6	13479.387	13.479387	False	0.133
5	232	7	13855.209	13.855209	False	0.133
5	232	8	16384.988	16.384988	False	0.498
5	233	1	34397.386	34.397386	False	0.494
5	233	2	15041.027	15.041027	False	0.437
5	233	3	14057.799	14.057799	True	0.831
5	234	1	14110.372	14.110372	False	0.133
5	234	2	7146.497	7.146497	False	0.444
5	234	3	20060.782	20.060782	False	0.522
5	234	4	15650.724	15.650724	False	0.448
5	234	5	2838.495	2.838495	False	0.444
5	234	6	14192.971	14.192971	False	0.456
5	234	7	11223.173	11.223173	False	0.448
5	234	8	3796.075	3.796075	False	0.444
5	235	1	7704.366	7.704366	False	0.447
5	235	2	11388.109	11.388109	False	0.133
5	235	3	19529.677	19.529677	False	0.133
5	235	4	20444.653	20.444653	False	0.403
5	235	5	13368.643	13.368643	True	0.817
5	236	1	3885.010	3.885010	False	0.133
5	236	2	15767.212	15.767212	False	0.133
5	236	3	17620.637	17.620637	False	0.133
5	236	4	2764.163	2.764163	False	0.133
5	237	1	13767.127	13.767127	False	0.133
5	237	2	7134.434	7.134434	False	0.447
5	237	3	2358.506	2.358506	False	0.447
5	237	4	2921.906	2.921906	False	0.447
5	237	5	2259.339	2.259339	False	0.447
5	237	6	2186.127	2.186127	False	0.447
5	237	7	2352.973	2.352973	False	0.447
5	238	1	11898.136	11.898136	False	0.133
5	238	2	13786.074	13.786074	False	0.133
5	238	3	17476.924	17.476924	False	0.382
5	238	4	11848.833	11.848833	False	0.133
5	238	5	14736.668	14.736668	False	0.372
5	238	6	18358.303	18.358303	False	0.397
5	238	7	13908.133	13.908133	False	0.432
5	238	8	17329.581	17.329581	False	0.443
5	238	9	13673.177	13.673177	False	0.133
5	238	10	3973.875	3.973875	False	0.133
5	238	11	15276.253	15.276253	False	0.38
5	238	12	12856.029	12.856029	False	0.133
5	238	13	15077.087	15.077087	False	0.429
5	239	1	14814.579	14.814579	False	0.133
5	239	2	18886.902	18.886902	False	0.431
5	239	3	9964.779	9.964779	False	0.133
5	239	4	15998.939	15.998939	False	0.133
5	239	5	29334.086	29.334086	False	0.459
5	239	6	19806.107	19.806107	False	0.133
5	239	7	2378.293	2.378293	False	0.133
5	239	8	8919.049	8.919049	False	0.133
5	239	9	3886.330	3.886330	False	0.133
5	240	1	18240.054	18.240054	False	0.435
5	240	2	6885.006	6.885006	False	0.432
5	240	3	8751.204	8.751204	False	0.133
5	240	4	11878.311	11.878311	False	0.133
5	240	5	1738.092	1.738092	False	0.432
5	240	6	11240.073	11.240073	False	0.133
5	241	1	18866.798	18.866798	False	0.453
5	241	2	11695.505	11.695505	False	0.133
5	241	3	4592.079	4.592079	False	0.133
5	241	4	2607.035	2.607035	False	0.133
5	241	5	19214.432	19.214432	False	0.449
5	241	6	20375.875	20.375875	True	0.852
5	242	1	6691.102	6.691102	False	0.431
5	242	2	3184.716	3.184716	False	0.431
5	242	3	13291.335	13.291335	False	0.133
5	242	4	5793.717	5.793717	False	0.431
5	242	5	10121.104	10.121104	False	0.133
5	242	6	3093.429	3.093429	False	0.431
5	243	1	10133.173	10.133173	False	0.133
5	243	2	14156.693	14.156693	False	0.133
5	243	3	3888.275	3.888275	False	0.133
5	243	4	11941.081	11.941081	False	0.439
5	243	5	11621.944	11.621944	False	0.133
5	243	6	2440.287	2.440287	False	0.133
5	243	7	2521.793	2.521793	False	0.133
5	243	8	17816.222	17.816222	False	0.433
5	243	9	12921.896	12.921896	False	0.133
5	244	1	4591.591	4.591591	False	0.133
5	244	2	2289.888	2.289888	False	0.133
5	244	3	13732.427	13.732427	False	0.133
5	244	4	18533.061	18.533061	False	0.437
5	244	5	21173.171	21.173171	False	0.447
5	244	6	24005.164	24.005164	False	0.459
5	244	7	17412.273	17.412273	False	0.342
5	244	8	19099.550	19.099550	False	0.324
5	244	9	17432.868	17.432868	False	0.419
5	244	10	16235.497	16.235497	False	0.492
5	244	11	14266.543	14.266543	False	0.133
5	244	12	22941.053	22.941053	False	0.422
5	244	13	22454.875	22.454875	False	0.499
5	244	14	18469.615	18.469615	False	0.403
5	244	15	18101.111	18.101111	False	0.423
5	245	1	14496.474	14.496474	False	0.472
5	245	2	15738.967	15.738967	False	0.133
5	245	3	18497.777	18.497777	False	0.486
5	245	4	14349.482	14.349482	False	0.133
5	245	5	22360.444	22.360444	False	0.407
5	245	6	17858.298	17.858298	False	0.443
5	245	7	5122.424	5.122424	False	0.133
5	245	8	21226.183	21.226183	False	0.511
5	245	9	8424.732	8.424732	False	0.133
5	245	10	15942.684	15.942684	False	0.133
5	245	11	12561.704	12.561704	False	0.133
5	245	12	13688.629	13.688629	False	0.133
5	246	1	10355.839	10.355839	False	0.133
5	246	2	15342.484	15.342484	False	0.427
5	246	3	13570.339	13.570339	False	0.415
5	246	4	12305.257	12.305257	False	0.528
5	246	5	17558.989	17.558989	False	0.44
5	246	6	12303.204	12.303204	False	0.133
5	246	7	29335.046	29.335046	False	0.547
5	246	8	14999.219	14.999219	False	0.133
5	246	9	16897.375	16.897375	False	0.447
5	246	10	20338.497	20.338497	False	0.425
5	246	11	17583.803	17.583803	False	0.432
5	246	12	12748.447	12.748447	False	0.133
5	247	1	9872.015	9.872015	False	0.133
5	247	2	6859.095	6.859095	False	0.438
5	247	3	17108.953	17.108953	False	0.466
5	247	4	19577.071	19.577071	False	0.445
5	247	5	2108.168	2.108168	False	0.438
5	247	6	12268.131	12.268131	False	0.133
5	247	7	15637.054	15.637054	False	0.438
5	247	8	16722.342	16.722342	False	0.468
5	248	1	7360.037	7.360037	False	0.44
5	248	2	15618.761	15.618761	False	0.133
5	248	3	10753.158	10.753158	False	0.133
5	248	4	15013.500	15.013500	False	0.441
5	248	5	18048.791	18.048791	False	0.401
5	248	6	21371.813	21.371813	False	0.469
5	248	7	14267.493	14.267493	False	0.44
5	248	8	17684.688	17.684688	False	0.444
5	248	9	2663.308	2.663308	False	0.44
5	248	10	81565.205	81.565205	False	0.44
5	248	11	20945.135	20.945135	False	0.378
5	249	1	16137.431	16.137431	False	0.133
5	249	2	12510.275	12.510275	False	0.133
5	249	3	15664.545	15.664545	False	0.491
5	249	4	12901.449	12.901449	False	0.133
5	249	5	20485.309	20.485309	False	0.414
5	249	6	15735.898	15.735898	False	0.133
5	249	7	12280.893	12.280893	False	0.133
5	249	8	14901.066	14.901066	False	0.372
5	250	1	15541.845	15.541845	False	0.476
5	250	2	20980.996	20.980996	False	0.446
5	250	3	16660.490	16.660490	False	0.481
5	250	4	11828.540	11.828540	False	0.133
5	250	5	7475.316	7.475316	False	0.424
5	250	6	2284.378	2.284378	False	0.424
5	251	1	11416.294	11.416294	False	0.133
5	251	2	20561.564	20.561564	False	0.497
5	251	3	15151.986	15.151986	False	0.422
5	251	4	10057.525	10.057525	False	0.133
5	251	5	16213.549	16.213549	False	0.422
5	251	6	22369.581	22.369581	False	0.403
5	251	7	12269.197	12.269197	False	0.133
5	252	1	15525.266	15.525266	False	0.486
5	252	2	15186.776	15.186776	False	0.133
5	252	3	10034.287	10.034287	False	0.133
5	252	4	9807.572	9.807572	False	0.427
5	252	5	17117.154	17.117154	False	0.4
5	252	6	20329.235	20.329235	False	0.472
5	253	1	16812.379	16.812379	False	0.436
5	253	2	16119.100	16.119100	True	0.807
5	254	1	16459.899	16.459899	False	0.455
5	254	2	20033.009	20.033009	False	0.464
5	254	3	17191.090	17.191090	False	0.428
5	254	4	11973.462	11.973462	False	0.133
5	254	5	20954.142	20.954142	False	0.396
5	254	6	18186.185	18.186185	False	0.459
5	255	1	26818.448	26.818448	False	0.411
5	255	2	6723.136	6.723136	False	0.425
5	255	3	3345.324	3.345324	False	0.425
5	255	4	15719.994	15.719994	False	0.44
5	255	5	15535.934	15.535934	False	0.133
5	255	6	1735.107	1.735107	False	0.425
5	255	7	11235.677	11.235677	False	0.425
5	255	8	13784.493	13.784493	False	0.457
5	255	9	3093.023	3.093023	False	0.425
5	255	10	11467.258	11.467258	False	0.133
5	255	11	25426.755	25.426755	False	0.402
5	255	12	18433.692	18.433692	False	0.404
5	255	13	10694.534	10.694534	False	0.133
5	256	1	19074.831	19.074831	False	0.446
5	256	2	7856.535	7.856535	False	0.431
5	256	3	17459.398	17.459398	False	0.395
5	256	4	16490.287	16.490287	False	0.459
5	256	5	18423.221	18.423221	False	0.443
5	256	6	25061.700	25.061700	False	0.394
5	256	7	3025.259	3.025259	False	0.431
5	256	8	18380.130	18.380130	False	0.467
5	256	9	17044.003	17.044003	False	0.401
5	257	1	11324.766	11.324766	False	0.133
5	257	2	20734.873	20.734873	False	0.404
5	257	3	14094.578	14.094578	False	0.133
5	257	4	22522.944	22.522944	False	0.431
5	257	5	14335.924	14.335924	False	0.133
5	257	6	14075.120	14.075120	False	0.133
5	257	7	2305.512	2.305512	False	0.133
5	257	8	13437.382	13.437382	False	0.404
5	257	9	17601.446	17.601446	False	0.438
5	258	1	5643.567	5.643567	False	0.133
5	258	2	2344.799	2.344799	False	0.133
5	258	3	2369.980	2.369980	False	0.133
5	258	4	11393.361	11.393361	False	0.133
5	259	1	8888.685	8.888685	False	0.433
5	259	2	15130.430	15.130430	False	0.433
5	259	3	4061.197	4.061197	False	0.433
5	259	4	10797.635	10.797635	False	0.133
5	259	5	10990.740	10.990740	False	0.133
5	259	6	2360.356	2.360356	False	0.433
5	260	1	23002.427	23.002427	False	0.47
5	260	2	7719.701	7.719701	False	0.424
5	260	3	11559.586	11.559586	False	0.133
5	260	4	2714.533	2.714533	False	0.424
5	260	5	15491.517	15.491517	False	0.433
5	260	6	21556.715	21.556715	False	0.464
5	261	1	10062.191	10.062191	False	0.133
5	261	2	23076.905	23.076905	True	0.809
5	262	1	19243.416	19.243416	False	0.429
5	262	2	14041.774	14.041774	False	0.435
5	262	3	18787.391	18.787391	False	0.44
5	262	4	10776.118	10.776118	False	0.133
5	262	5	3011.189	3.011189	False	0.435
5	262	6	2854.425	2.854425	False	0.435
5	262	7	2376.967	2.376967	False	0.435
5	262	8	13020.980	13.020980	False	0.435
5	263	1	7288.878	7.288878	False	0.426
5	263	2	4464.115	4.464115	False	0.426
5	263	3	19661.816	19.661816	False	0.43
5	263	4	2461.262	2.461262	False	0.426
5	263	5	14305.173	14.305173	False	0.133
5	263	6	2627.790	2.627790	False	0.426
5	264	1	11970.114	11.970114	False	0.133
5	264	2	19704.418	19.704418	False	0.351
5	264	3	13385.743	13.385743	False	0.458
5	264	4	11802.475	11.802475	False	0.133
5	264	5	6190.189	6.190189	False	0.133
5	264	6	18898.784	18.898784	False	0.43
5	264	7	11083.977	11.083977	False	0.133
5	264	8	17768.922	17.768922	False	0.448
5	265	1	11598.977	11.598977	False	0.133
5	265	2	10376.290	10.376290	False	0.133
5	265	3	9707.989	9.707989	False	0.133
5	265	4	19387.987	19.387987	False	0.432
5	265	5	18839.005	18.839005	False	0.366
5	265	6	14086.393	14.086393	False	0.133
5	265	7	11849.421	11.849421	False	0.133
5	265	8	17339.299	17.339299	False	0.426
5	265	9	12552.846	12.552846	False	0.133
5	266	1	18505.183	18.505183	False	0.478
5	266	2	17904.784	17.904784	False	0.426
5	266	3	10838.838	10.838838	False	0.429
5	266	4	17363.997	17.363997	False	0.457
5	266	5	14923.728	14.923728	False	0.133
5	266	6	14041.296	14.041296	False	0.133
5	267	1	19763.644	19.763644	False	0.427
5	267	2	21691.378	21.691378	False	0.448
5	267	3	19840.505	19.840505	False	0.442
5	267	4	16498.364	16.498364	False	0.439
5	267	5	19269.638	19.269638	False	0.496
5	267	6	13540.297	13.540297	False	0.468
5	267	7	20161.968	20.161968	False	0.461
5	267	8	11650.070	11.650070	False	0.133
5	267	9	14706.213	14.706213	False	0.396
5	267	10	16094.055	16.094055	False	0.435
5	268	1	16883.933	16.883933	False	0.425
5	268	2	13797.182	13.797182	False	0.133
5	268	3	18122.542	18.122542	False	0.396
5	268	4	21986.429	21.986429	False	0.45
5	268	5	17783.741	17.783741	False	0.422
5	268	6	17200.540	17.200540	False	0.422
5	268	7	16312.753	16.312753	False	0.4
5	268	8	15029.835	15.029835	False	0.421
5	268	9	17630.835	17.630835	False	0.436
5	269	1	41257.770	41.257770	True	0.785
5	270	1	10449.817	10.449817	False	0.133
5	270	2	8024.393	8.024393	False	0.416
5	270	3	18455.889	18.455889	False	0.441
5	270	4	15168.450	15.168450	False	0.462
5	270	5	9075.623	9.075623	False	0.133
5	270	6	13587.612	13.587612	False	0.423
5	270	7	16161.062	16.161062	False	0.387
5	270	8	17599.712	17.599712	False	0.43
5	270	9	19567.306	19.567306	False	0.423
5	271	1	15455.618	15.455618	False	0.428
5	271	2	8094.100	8.094100	False	0.418
5	271	3	19903.521	19.903521	False	0.39
5	271	4	17397.969	17.397969	False	0.474
5	271	5	4876.040	4.876040	False	0.418
5	271	6	3114.737	3.114737	False	0.418
5	271	7	23297.962	23.297962	False	0.396
5	271	8	21511.182	21.511182	False	0.404
5	271	9	23549.743	23.549743	False	0.454
5	272	1	13812.732	13.812732	False	0.133
5	272	2	16381.037	16.381037	False	0.478
5	272	3	18577.098	18.577098	False	0.422
5	272	4	18327.543	18.327543	False	0.402
5	272	5	16451.427	16.451427	False	0.431
5	272	6	9616.474	9.616474	False	0.419
5	272	7	8868.600	8.868600	False	0.419
5	273	1	12980.201	12.980201	False	0.432
5	273	2	18735.655	18.735655	False	0.431
5	273	3	24618.993	24.618993	False	0.495
5	273	4	13882.700	13.882700	False	0.429
5	273	5	17831.871	17.831871	False	0.385
5	273	6	7838.244	7.838244	False	0.422
5	273	7	16764.774	16.764774	False	0.133
5	273	8	17615.630	17.615630	False	0.547
5	273	9	3108.845	3.108845	False	0.422
5	273	10	15949.847	15.949847	False	0.447
5	273	11	14155.794	14.155794	False	0.133
5	273	12	16582.854	16.582854	False	0.455
5	273	13	17058.980	17.058980	False	0.431
5	274	1	19915.283	19.915283	False	0.462
5	274	2	18343.937	18.343937	False	0.458
5	274	3	14962.792	14.962792	False	0.421
5	274	4	15212.183	15.212183	False	0.464
5	274	5	16559.035	16.559035	False	0.481
5	274	6	8484.049	8.484049	False	0.426
5	274	7	14342.955	14.342955	False	0.431
5	274	8	12900.772	12.900772	False	0.133
5	274	9	21650.901	21.650901	False	0.459
5	274	10	5815.291	5.815291	False	0.426
5	275	1	19511.852	19.511852	False	0.458
5	275	2	9694.632	9.694632	False	0.133
5	275	3	14593.225	14.593225	False	0.439
5	275	4	8083.156	8.083156	False	0.451
5	275	5	17374.181	17.374181	False	0.491
5	275	6	15386.849	15.386849	False	0.467
5	275	7	10544.848	10.544848	False	0.451
5	275	8	17180.165	17.180165	False	0.472
5	275	9	30067.081	30.067081	False	0.472
5	275	10	3012.740	3.012740	False	0.451
5	276	1	8524.103	8.524103	False	0.441
5	276	2	16498.603	16.498603	False	0.441
5	276	3	12452.290	12.452290	False	0.441
5	276	4	14124.648	14.124648	False	0.446
5	276	5	25182.533	25.182533	False	0.485
5	276	6	11993.665	11.993665	False	0.454
5	276	7	17668.183	17.668183	False	0.471
5	276	8	16977.574	16.977574	False	0.466
5	276	9	21249.267	21.249267	False	0.436
5	276	10	3876.074	3.876074	False	0.441
5	277	1	9651.498	9.651498	False	0.433
5	277	2	19775.769	19.775769	False	0.44
5	277	3	13646.654	13.646654	False	0.44
5	277	4	17411.999	17.411999	False	0.478
5	277	5	20463.300	20.463300	False	0.448
5	277	6	17602.718	17.602718	False	0.405
5	277	7	3239.524	3.239524	False	0.433
5	277	8	2680.907	2.680907	False	0.433
5	277	9	15666.051	15.666051	False	0.458
5	278	1	6842.102	6.842102	False	0.429
5	278	2	21077.741	21.077741	False	0.45
5	278	3	18131.196	18.131196	False	0.461
5	278	4	4140.188	4.140188	False	0.429
5	278	5	3259.397	3.259397	False	0.429
5	278	6	25827.054	25.827054	False	0.498
5	278	7	2237.591	2.237591	False	0.429
5	278	8	18519.114	18.519114	False	0.439
5	278	9	17681.655	17.681655	False	0.429
5	278	10	8911.472	8.911472	False	0.429
5	278	11	2696.847	2.696847	False	0.429
5	279	1	8536.580	8.536580	False	0.428
5	279	2	11932.172	11.932172	False	0.133
5	279	3	17465.491	17.465491	False	0.434
5	279	4	12127.083	12.127083	False	0.418
5	279	5	21603.635	21.603635	False	0.463
5	279	6	13496.159	13.496159	False	0.434
5	279	7	16650.428	16.650428	False	0.425
5	279	8	11980.548	11.980548	False	0.133
5	279	9	28657.332	28.657332	False	0.455
5	279	10	21356.600	21.356600	False	0.454
5	280	1	16304.433	16.304433	False	0.429
5	280	2	8553.755	8.553755	False	0.42
5	280	3	2867.516	2.867516	False	0.42
5	280	4	19176.991	19.176991	False	0.432
5	280	5	17896.998	17.896998	False	0.41
5	280	6	2464.633	2.464633	False	0.42
5	281	1	21793.883	21.793883	False	0.469
5	281	2	13189.407	13.189407	False	0.133
5	281	3	18261.611	18.261611	False	0.489
5	281	4	9335.298	9.335298	False	0.133
5	281	5	18027.335	18.027335	False	0.412
5	281	6	8743.445	8.743445	False	0.434
5	281	7	18406.140	18.406140	False	0.337
5	281	8	24854.789	24.854789	False	0.518
5	281	9	2859.297	2.859297	False	0.434
5	281	10	16238.790	16.238790	False	0.388
5	281	11	14790.382	14.790382	False	0.133
5	281	12	14846.518	14.846518	False	0.525
5	281	13	15361.638	15.361638	False	0.437
5	282	1	19602.820	19.602820	False	0.412
5	282	2	16084.815	16.084815	False	0.43
5	282	3	19210.410	19.210410	False	0.425
5	282	4	15102.129	15.102129	False	0.418
5	282	5	11128.075	11.128075	False	0.133
5	282	6	21596.658	21.596658	False	0.444
5	282	7	16872.047	16.872047	False	0.39
5	282	8	17250.468	17.250468	False	0.488
5	282	9	17374.467	17.374467	False	0.472
5	282	10	17673.075	17.673075	False	0.43
5	282	11	17748.638	17.748638	False	0.472
5	282	12	17338.679	17.338679	False	0.389
5	282	13	24534.262	24.534262	False	0.428
5	283	1	16325.446	16.325446	False	0.433
5	283	2	4809.283	4.809283	False	0.433
5	283	3	12483.142	12.483142	False	0.133
5	283	4	11671.452	11.671452	False	0.433
5	283	5	10934.300	10.934300	False	0.133
5	283	6	9095.542	9.095542	False	0.133
5	284	1	17677.346	17.677346	False	0.433
5	284	2	20304.905	20.304905	False	0.391
5	284	3	13990.684	13.990684	False	0.133
5	284	4	12989.334	12.989334	False	0.133
5	284	5	7814.843	7.814843	False	0.439
5	284	6	20498.788	20.498788	True	0.853
5	285	1	16848.536	16.848536	False	0.359
5	285	2	23341.223	23.341223	False	0.511
5	285	3	18005.481	18.005481	True	0.791
5	286	1	19498.895	19.498895	False	0.395
5	286	2	16641.074	16.641074	False	0.43
5	286	3	16536.350	16.536350	False	0.426
5	286	4	19008.528	19.008528	False	0.358
5	286	5	15285.658	15.285658	False	0.43
5	286	6	2529.660	2.529660	False	0.43
5	286	7	19215.441	19.215441	False	0.435
5	287	1	17648.994	17.648994	False	0.454
5	287	2	16877.646	16.877646	False	0.457
5	287	3	27986.208	27.986208	True	0.789
5	288	1	8699.849	8.699849	False	0.441
5	288	2	10416.306	10.416306	False	0.133
5	288	3	16593.679	16.593679	False	0.391
5	288	4	4149.718	4.149718	False	0.441
5	288	5	2712.515	2.712515	False	0.441
5	288	6	4959.574	4.959574	False	0.441
5	289	1	19901.415	19.901415	False	0.449
5	289	2	10724.037	10.724037	False	0.44
5	289	3	9434.198	9.434198	False	0.133
5	289	4	15010.942	15.010942	False	0.496
5	289	5	2698.034	2.698034	False	0.44
5	289	6	13124.139	13.124139	False	0.133
5	289	7	25297.916	25.297916	False	0.496
5	289	8	15374.194	15.374194	False	0.133
5	289	9	3040.422	3.040422	False	0.44
5	290	1	16554.096	16.554096	False	0.473
5	290	2	9411.100	9.411100	False	0.133
5	290	3	11871.270	11.871270	False	0.433
5	290	4	10390.391	10.390391	False	0.436
5	290	5	2614.297	2.614297	False	0.436
5	290	6	17891.601	17.891601	False	0.458
5	291	1	13324.784	13.324784	False	0.133
5	291	2	10653.537	10.653537	False	0.133
5	291	3	16939.154	16.939154	False	0.477
5	291	4	13217.203	13.217203	False	0.436
5	291	5	13082.497	13.082497	True	0.805
5	292	1	20661.337	20.661337	False	0.498
5	292	2	17697.801	17.697801	False	0.423
5	292	3	9200.918	9.200918	False	0.438
5	292	4	2963.170	2.963170	False	0.438
5	292	5	16678.559	16.678559	False	0.446
5	292	6	2929.742	2.929742	False	0.438
5	293	1	10918.215	10.918215	False	0.435
5	293	2	17368.927	17.368927	False	0.451
5	293	3	15686.455	15.686455	False	0.457
5	293	4	17999.900	17.999900	False	0.461
5	293	5	15743.160	15.743160	False	0.468
5	293	6	14856.701	14.856701	False	0.435
5	293	7	2488.443	2.488443	False	0.435
5	293	8	28432.794	28.432794	False	0.469
5	293	9	14748.669	14.748669	False	0.475
5	293	10	19397.298	19.397298	False	0.486
5	293	11	17623.967	17.623967	False	0.446
5	293	12	14069.356	14.069356	False	0.462
5	293	13	19812.829	19.812829	False	0.453
5	293	14	16575.237	16.575237	False	0.442
5	293	15	2688.742	2.688742	False	0.435
5	294	1	16980.211	16.980211	False	0.429
5	294	2	12680.831	12.680831	False	0.133
5	294	3	3241.706	3.241706	False	0.429
5	294	4	18996.268	18.996268	False	0.479
5	294	5	17871.554	17.871554	False	0.436
5	294	6	21393.788	21.393788	False	0.42
5	294	7	16873.980	16.873980	False	0.443
5	294	8	20708.188	20.708188	False	0.462
5	294	9	19545.166	19.545166	False	0.405
5	295	1	14373.740	14.373740	False	0.133
5	295	2	17218.879	17.218879	False	0.442
5	295	3	17220.268	17.220268	False	0.426
5	295	4	15479.605	15.479605	False	0.133
5	295	5	19737.775	19.737775	False	0.417
5	295	6	20905.547	20.905547	False	0.453
5	295	7	13373.305	13.373305	False	0.426
5	295	8	13796.793	13.796793	False	0.442
5	295	9	17684.660	17.684660	False	0.462
5	295	10	16378.543	16.378543	False	0.396
5	295	11	16661.593	16.661593	False	0.36
5	296	1	18711.338	18.711338	False	0.473
5	296	2	19147.453	19.147453	False	0.432
5	296	3	7754.455	7.754455	False	0.426
5	296	4	18710.970	18.710970	False	0.466
5	296	5	21745.186	21.745186	False	0.498
5	296	6	17725.276	17.725276	False	0.446
5	296	7	16310.620	16.310620	False	0.436
5	296	8	4718.508	4.718508	False	0.426
5	296	9	10467.019	10.467019	False	0.133
5	296	10	2551.214	2.551214	False	0.426
5	297	1	18253.157	18.253157	False	0.416
5	297	2	7595.475	7.595475	False	0.421
5	297	3	2301.109	2.301109	False	0.421
5	297	4	10377.670	10.377670	False	0.133
5	297	5	16740.719	16.740719	False	0.428
5	297	6	20750.534	20.750534	False	0.45
5	297	7	11941.157	11.941157	False	0.133
5	297	8	15311.996	15.311996	False	0.408
5	297	9	2460.800	2.460800	False	0.421
5	297	10	17224.824	17.224824	False	0.455
5	297	11	11883.103	11.883103	False	0.421
5	298	1	15627.899	15.627899	False	0.437
5	298	2	20607.753	20.607753	False	0.43
5	298	3	20621.995	20.621995	False	0.44
5	298	4	8889.375	8.889375	False	0.43
5	298	5	15283.793	15.283793	False	0.374
5	298	6	20254.533	20.254533	False	0.513
5	298	7	2801.569	2.801569	False	0.43
5	298	8	2748.904	2.748904	False	0.43
5	298	9	26452.274	26.452274	False	0.422
5	298	10	9430.535	9.430535	False	0.133
5	298	11	2715.649	2.715649	False	0.43
5	299	1	19732.198	19.732198	False	0.381
5	299	2	17348.764	17.348764	False	0.432
5	299	3	17952.603	17.952603	False	0.411
5	299	4	17275.449	17.275449	False	0.133
5	299	5	25136.273	25.136273	False	0.424
5	299	6	20551.624	20.551624	False	0.424
5	299	7	9009.338	9.009338	False	0.133
5	300	1	25137.370	25.137370	True	0.867
5	301	1	8651.289	8.651289	False	0.546
5	301	2	54816.626	54.816626	False	0.507
5	301	3	18188.529	18.188529	True	0.802
5	302	1	14467.189	14.467189	False	0.133
5	302	2	17601.745	17.601745	False	0.5
5	302	3	18583.526	18.583526	False	0.459
5	302	4	3897.150	3.897150	False	0.133
5	302	5	18951.710	18.951710	False	0.45
5	302	6	30709.646	30.709646	False	0.494
5	302	7	16027.181	16.027181	False	0.505
5	303	1	16637.123	16.637123	True	0.824
5	304	1	24358.792	24.358792	False	0.386
5	304	2	6941.925	6.941925	False	0.42
5	304	3	30637.660	30.637660	False	0.413
5	304	4	30534.258	30.534258	False	0.463
5	304	5	19030.112	19.030112	False	0.396
5	304	6	14179.248	14.179248	False	0.42
5	304	7	25609.781	25.609781	False	0.569
5	304	8	23570.347	23.570347	False	0.469
5	304	9	1747.011	1.747011	False	0.42
5	304	10	21228.835	21.228835	False	0.565
5	304	11	3897.555	3.897555	False	0.42
5	304	12	2544.894	2.544894	False	0.42
5	305	1	8458.658	8.458658	False	0.452
5	305	2	17060.592	17.060592	False	0.456
5	305	3	2703.956	2.703956	False	0.452
5	305	4	19379.516	19.379516	False	0.538
5	305	5	15586.431	15.586431	False	0.465
5	305	6	31738.243	31.738243	False	0.444
5	305	7	15275.110	15.275110	False	0.402
5	305	8	2796.742	2.796742	False	0.452
5	305	9	3036.088	3.036088	False	0.452
5	306	1	19344.046	19.344046	False	0.53
5	306	2	13863.671	13.863671	True	0.945
5	307	1	17435.846	17.435846	False	0.5
5	307	2	15711.837	15.711837	False	0.5
5	307	3	14996.295	14.996295	False	0.133
5	307	4	13179.744	13.179744	False	0.133
5	307	5	1599.059	1.599059	False	0.5
5	307	6	15283.170	15.283170	False	0.5
5	308	1	13463.312	13.463312	False	0.133
5	308	2	21528.017	21.528017	False	0.471
5	308	3	2590.021	2.590021	False	0.133
5	308	4	11711.543	11.711543	False	0.133
5	308	5	24247.141	24.247141	False	0.411
5	308	6	13482.587	13.482587	False	0.133
5	308	7	25831.156	25.831156	False	0.397
5	309	1	11878.902	11.878902	False	0.133
5	309	2	30011.569	30.011569	True	0.796
5	310	1	11635.066	11.635066	False	0.133
5	310	2	2179.211	2.179211	False	0.133
5	310	3	1966.201	1.966201	False	0.133
5	310	4	12634.784	12.634784	False	0.133
5	311	1	2984.362	2.984362	False	0.133
5	311	2	2738.379	2.738379	False	0.133
5	311	3	8686.559	8.686559	False	0.133
5	311	4	16395.766	16.395766	False	0.387
5	311	5	13841.948	13.841948	False	0.133
5	311	6	19007.571	19.007571	True	0.786
5	312	1	14896.288	14.896288	False	0.133
5	312	2	13598.134	13.598134	False	0.133
5	312	3	16101.694	16.101694	False	0.133
5	312	4	17588.718	17.588718	False	0.133
5	313	1	15304.187	15.304187	False	0.408
5	313	2	14335.428	14.335428	False	0.433
5	313	3	19912.609	19.912609	False	0.429
5	313	4	16055.238	16.055238	False	0.133
5	313	5	11452.570	11.452570	False	0.133
5	313	6	13933.474	13.933474	False	0.415
5	313	7	13771.258	13.771258	False	0.133
5	314	1	20443.729	20.443729	False	0.424
5	314	2	4782.759	4.782759	False	0.133
5	314	3	18779.041	18.779041	False	0.423
5	314	4	16215.639	16.215639	False	0.414
5	314	5	14608.379	14.608379	False	0.133
5	314	6	10678.960	10.678960	False	0.133
5	315	1	20277.453	20.277453	False	0.397
5	315	2	9885.608	9.885608	False	0.382
5	315	3	2650.074	2.650074	False	0.382
5	315	4	8812.075	8.812075	False	0.382
5	315	5	9931.384	9.931384	False	0.382
5	315	6	15705.177	15.705177	False	0.382
5	316	1	19644.449	19.644449	False	0.414
5	316	2	10840.580	10.840580	False	0.414
5	316	3	22929.777	22.929777	False	0.459
5	316	4	28390.607	28.390607	False	0.397
5	316	5	19428.804	19.428804	False	0.356
5	316	6	4546.773	4.546773	False	0.414
5	316	7	2261.004	2.261004	False	0.414
5	316	8	2224.511	2.224511	False	0.414
5	317	1	18565.375	18.565375	False	0.381
5	317	2	12892.948	12.892948	False	0.133
5	317	3	18848.118	18.848118	False	0.391
5	317	4	18775.020	18.775020	False	0.389
5	317	5	16007.072	16.007072	False	0.133
5	317	6	2331.182	2.331182	False	0.133
5	318	1	16455.348	16.455348	False	0.426
5	318	2	14324.375	14.324375	True	0.804
5	319	1	20704.665	20.704665	False	0.433
5	319	2	13279.192	13.279192	False	0.133
5	319	3	27459.452	27.459452	False	0.483
5	319	4	21337.049	21.337049	False	0.418
5	319	5	3065.086	3.065086	False	0.133
5	319	6	13682.538	13.682538	False	0.133
5	319	7	19773.227	19.773227	False	0.429
5	319	8	21213.330	21.213330	False	0.415
5	320	1	5028.127	5.028127	False	0.133
5	320	2	14702.860	14.702860	True	0.766
5	321	1	18579.700	18.579700	False	0.133
5	321	2	17766.907	17.766907	False	0.455
5	321	3	20758.304	20.758304	False	0.459
5	321	4	20597.748	20.597748	False	0.455
5	321	5	9988.303	9.988303	False	0.133
5	321	6	21947.644	21.947644	False	0.42
5	321	7	10902.813	10.902813	False	0.133
5	322	1	15288.717	15.288717	False	0.406
5	322	2	20469.271	20.469271	False	0.397
5	322	3	22330.529	22.330529	False	0.467
5	322	4	29266.883	29.266883	False	0.4
5	322	5	22077.143	22.077143	False	0.42
5	322	6	13022.505	13.022505	False	0.133
5	322	7	19195.332	19.195332	False	0.42
5	322	8	18073.570	18.073570	False	0.415
5	323	1	5951.570	5.951570	True	0.686
5	324	1	25047.588	25.047588	False	0.407
5	324	2	22257.241	22.257241	False	0.377
5	324	3	22101.114	22.101114	False	0.412
5	324	4	13154.533	13.154533	False	0.133
5	324	5	18157.930	18.157930	False	0.44
5	324	6	10689.309	10.689309	False	0.133
5	324	7	26292.071	26.292071	False	0.395
5	324	8	2589.022	2.589022	False	0.133
5	324	9	2649.492	2.649492	False	0.133
5	324	10	3204.702	3.204702	False	0.133
5	325	1	35495.218	35.495218	True	0.804
5	326	1	19975.908	19.975908	False	0.461
5	326	2	10616.514	10.616514	True	0.757
5	327	1	12884.128	12.884128	False	0.488
5	327	2	12117.965	12.117965	False	0.133
5	327	3	4949.859	4.949859	False	0.133
5	327	4	3675.616	3.675616	False	0.133
5	327	5	14375.064	14.375064	False	0.333
5	327	6	2602.348	2.602348	False	0.133
5	328	1	15162.121	15.162121	False	0.393
5	328	2	7305.934	7.305934	False	0.415
5	328	3	12944.045	12.944045	False	0.379
5	328	4	18400.360	18.400360	False	0.44
5	328	5	2737.288	2.737288	False	0.415
5	328	6	21472.126	21.472126	False	0.421
5	328	7	9877.780	9.877780	False	0.415
5	328	8	7704.871	7.704871	False	0.415
5	328	9	13506.622	13.506622	False	0.133
5	329	1	19770.773	19.770773	False	0.322
5	329	2	3888.506	3.888506	False	0.133
5	329	3	11678.902	11.678902	False	0.384
5	329	4	16687.138	16.687138	False	0.42
5	329	5	18129.880	18.129880	True	0.721
5	330	1	15480.375	15.480375	False	0.458
5	330	2	8103.772	8.103772	False	0.461
5	330	3	10919.673	10.919673	False	0.461
5	330	4	3908.151	3.908151	False	0.461
5	330	5	18450.356	18.450356	False	0.449
5	330	6	9329.714	9.329714	False	0.133
5	331	1	26293.958	26.293958	False	0.441
5	331	2	20404.347	20.404347	False	0.133
5	331	3	22749.040	22.749040	False	0.431
5	331	4	22852.492	22.852492	False	0.416
5	331	5	4165.059	4.165059	False	0.133
5	331	6	11847.067	11.847067	False	0.133
5	332	1	19948.663	19.948663	False	0.472
5	332	2	20227.777	20.227777	False	0.435
5	332	3	3434.095	3.434095	False	0.133
5	332	4	17753.229	17.753229	False	0.365
5	332	5	13710.604	13.710604	False	0.447
5	332	6	9734.026	9.734026	False	0.133
5	333	1	13870.888	13.870888	False	0.5
5	333	2	17174.070	17.174070	False	0.471
5	333	3	13161.328	13.161328	False	0.133
5	333	4	12785.974	12.785974	False	0.133
5	333	5	16973.990	16.973990	False	0.383
5	333	6	13864.527	13.864527	False	0.514
5	333	7	2237.491	2.237491	False	0.133
5	333	8	12705.686	12.705686	False	0.133
5	333	9	2240.018	2.240018	False	0.133
5	333	10	2477.797	2.477797	False	0.133
5	334	1	14948.296	14.948296	False	0.133
5	334	2	17492.974	17.492974	False	0.493
5	334	3	12657.304	12.657304	False	0.133
5	334	4	14816.932	14.816932	False	0.432
5	334	5	24493.375	24.493375	False	0.422
5	334	6	14578.459	14.578459	False	0.133
5	334	7	13603.025	13.603025	False	0.133
5	335	1	16687.495	16.687495	False	0.521
5	335	2	16579.330	16.579330	False	0.512
5	335	3	14611.001	14.611001	False	0.133
5	335	4	3826.225	3.826225	False	0.133
5	335	5	13609.463	13.609463	False	0.133
5	335	6	2866.399	2.866399	False	0.133
5	336	1	16104.137	16.104137	False	0.537
5	336	2	1997.869	1.997869	False	0.537
5	336	3	12397.600	12.397600	False	0.133
5	336	4	11107.471	11.107471	False	0.537
5	336	5	16233.519	16.233519	False	0.477
5	336	6	11483.359	11.483359	False	0.133
5	337	1	5658.408	5.658408	False	0.133
5	337	2	15001.157	15.001157	False	0.133
5	337	3	15032.970	15.032970	False	0.133
5	337	4	11956.016	11.956016	False	0.133
5	338	1	14777.965	14.777965	False	0.416
5	338	2	17871.663	17.871663	False	0.133
5	338	3	14191.875	14.191875	False	0.394
5	338	4	4866.838	4.866838	False	0.133
5	338	5	12661.151	12.661151	False	0.133
5	338	6	3127.984	3.127984	False	0.133
5	339	1	16095.409	16.095409	False	0.387
5	339	2	15080.873	15.080873	False	0.133
5	339	3	14553.796	14.553796	False	0.133
5	339	4	4063.981	4.063981	False	0.133
5	339	5	12563.401	12.563401	False	0.133
5	340	1	20099.752	20.099752	False	0.365
5	340	2	10779.090	10.779090	False	0.133
5	340	3	16919.660	16.919660	False	0.437
5	340	4	4322.565	4.322565	False	0.133
5	340	5	3180.898	3.180898	False	0.133
5	340	6	7427.687	7.427687	False	0.499
5	340	7	11242.564	11.242564	False	0.133
5	340	8	11058.529	11.058529	False	0.133
5	340	9	26606.310	26.606310	False	0.133
5	340	10	3937.107	3.937107	False	0.133
5	341	1	15963.993	15.963993	False	0.419
5	341	2	19394.060	19.394060	False	0.455
5	341	3	14893.618	14.893618	False	0.447
5	341	4	16807.459	16.807459	False	0.373
5	341	5	4965.270	4.965270	True	0.813
5	342	1	17516.272	17.516272	True	0.767
5	343	1	19109.147	19.109147	False	0.133
5	343	2	10727.838	10.727838	False	0.463
5	343	3	17659.448	17.659448	False	0.492
5	343	4	16399.287	16.399287	False	0.411
5	343	5	11045.925	11.045925	False	0.133
5	343	6	10939.760	10.939760	False	0.133
5	343	7	22308.949	22.308949	False	0.512
5	343	8	16469.639	16.469639	False	0.453
5	343	9	2739.902	2.739902	False	0.133
5	343	10	13181.143	13.181143	False	0.133
5	343	11	2128.216	2.128216	False	0.133
5	343	12	19604.024	19.604024	False	0.133
5	344	1	16432.995	16.432995	False	0.492
5	344	2	15081.233	15.081233	False	0.492
5	344	3	21910.905	21.910905	False	0.487
5	344	4	11666.935	11.666935	False	0.492
5	344	5	14694.409	14.694409	False	0.507
5	344	6	10659.200	10.659200	False	0.492
5	344	7	15279.062	15.279062	False	0.46
5	344	8	14069.375	14.069375	False	0.133
5	344	9	9879.850	9.879850	False	0.492
5	344	10	19481.422	19.481422	False	0.423
5	345	1	14585.827	14.585827	False	0.133
5	345	2	13510.638	13.510638	False	0.406
5	345	3	15188.497	15.188497	False	0.133
5	345	4	2899.967	2.899967	False	0.133
5	345	5	4458.807	4.458807	False	0.133
5	345	6	18115.295	18.115295	False	0.478
5	345	7	8842.547	8.842547	False	0.133
5	345	8	13820.741	13.820741	False	0.133
5	345	9	10593.864	10.593864	False	0.133
5	345	10	7486.012	7.486012	False	0.133
5	346	1	28166.742	28.166742	False	0.514
5	346	2	13924.719	13.924719	False	0.133
5	346	3	16660.208	16.660208	False	0.448
5	346	4	17950.192	17.950192	False	0.452
5	346	5	10107.887	10.107887	False	0.133
5	346	6	16651.888	16.651888	False	0.468
5	347	1	15922.709	15.922709	False	0.574
5	347	2	11700.530	11.700530	False	0.133
5	347	3	16356.883	16.356883	False	0.592
5	347	4	14698.438	14.698438	False	0.511
5	347	5	13523.559	13.523559	False	0.133
5	347	6	16835.684	16.835684	False	0.613
5	347	7	4946.074	4.946074	False	0.133
5	347	8	10747.403	10.747403	False	0.133
5	347	9	12723.007	12.723007	False	0.133
5	347	10	19415.649	19.415649	False	0.476
5	347	11	15973.379	15.973379	False	0.599
5	348	1	3068.426	3.068426	False	0.133
5	348	2	14262.782	14.262782	False	0.133
5	348	3	20903.363	20.903363	False	0.133
5	348	4	15563.167	15.563167	False	0.521
5	348	5	12476.815	12.476815	False	0.133
5	348	6	16637.993	16.637993	False	0.133
5	348	7	2637.175	2.637175	False	0.133
5	348	8	18988.553	18.988553	False	0.506
5	348	9	12118.427	12.118427	False	0.133
5	349	1	3698.522	3.698522	False	0.133
5	349	2	13806.079	13.806079	False	0.133
5	349	3	18154.947	18.154947	False	0.449
5	349	4	11862.988	11.862988	False	0.133
5	349	5	16063.570	16.063570	False	0.133
5	349	6	2723.525	2.723525	False	0.133
5	349	7	2457.945	2.457945	False	0.133
5	350	1	10321.683	10.321683	False	0.499
5	350	2	16875.913	16.875913	False	0.489
5	350	3	16743.824	16.743824	False	0.484
5	350	4	3988.560	3.988560	False	0.133
5	350	5	17247.632	17.247632	False	0.468
5	350	6	2911.553	2.911553	False	0.133
5	351	1	16522.115	16.522115	False	0.327
5	351	2	2137.258	2.137258	False	0.327
5	351	3	20246.777	20.246777	False	0.422
5	351	4	18750.971	18.750971	False	0.452
5	351	5	16878.636	16.878636	False	0.448
5	351	6	14444.032	14.444032	False	0.133
5	351	7	21246.283	21.246283	False	0.43
5	351	8	15485.817	15.485817	False	0.353
5	351	9	9520.248	9.520248	False	0.327
5	352	1	13698.136	13.698136	True	0.835
5	353	1	10217.541	10.217541	False	0.133
5	353	2	25242.505	25.242505	True	0.866
5	354	1	19163.758	19.163758	False	0.456
5	354	2	20666.808	20.666808	False	0.469
5	354	3	17148.430	17.148430	False	0.31
5	354	4	14063.980	14.063980	False	0.133
5	354	5	13915.135	13.915135	False	0.464
5	354	6	16078.271	16.078271	False	0.464
5	354	7	4622.278	4.622278	False	0.464
5	355	1	18049.126	18.049126	False	0.596
5	355	2	18764.415	18.764415	False	0.524
5	355	3	16568.144	16.568144	False	0.558
5	355	4	13650.757	13.650757	False	0.401
5	355	5	13692.398	13.692398	False	0.133
5	355	6	10909.802	10.909802	False	0.133
5	356	1	4083.652	4.083652	False	0.133
5	356	2	2292.880	2.292880	False	0.133
5	356	3	15645.382	15.645382	False	0.418
5	356	4	18742.393	18.742393	False	0.422
5	356	5	3165.049	3.165049	False	0.133
5	356	6	2208.760	2.208760	False	0.133
5	356	7	2608.394	2.608394	False	0.133
5	356	8	13952.718	13.952718	False	0.133
5	357	1	8389.741	8.389741	False	0.422
5	357	2	15389.328	15.389328	False	0.422
5	357	3	13747.595	13.747595	False	0.381
5	357	4	19362.785	19.362785	False	0.399
5	357	5	18948.663	18.948663	False	0.365
5	357	6	18818.990	18.818990	False	0.412
5	358	1	15754.052	15.754052	False	0.351
5	358	2	15582.953	15.582953	False	0.419
5	358	3	19715.308	19.715308	False	0.403
5	358	4	8723.164	8.723164	False	0.408
5	358	5	23427.765	23.427765	False	0.408
5	358	6	2574.632	2.574632	False	0.408
5	358	7	2490.824	2.490824	False	0.408
5	359	1	2833.032	2.833032	False	0.133
5	359	2	15248.973	15.248973	False	0.488
5	359	3	24919.317	24.919317	False	0.469
5	359	4	15121.885	15.121885	False	0.443
5	359	5	11059.038	11.059038	False	0.133
5	359	6	2442.521	2.442521	False	0.133
5	359	7	14323.952	14.323952	False	0.495
5	360	1	17996.244	17.996244	False	0.441
5	360	2	7676.835	7.676835	False	0.418
5	360	3	20380.950	20.380950	False	0.454
5	360	4	17339.885	17.339885	False	0.133
5	360	5	19710.001	19.710001	False	0.43
5	360	6	16314.933	16.314933	False	0.449
5	360	7	27044.384	27.044384	False	0.51
5	360	8	15797.391	15.797391	False	0.426
5	360	9	22987.499	22.987499	False	0.46
5	360	10	18035.523	18.035523	False	0.467
5	360	11	14186.596	14.186596	False	0.471
5	360	12	18218.504	18.218504	False	0.429
5	361	1	19165.373	19.165373	False	0.451
5	361	2	12709.656	12.709656	False	0.133
5	361	3	18527.824	18.527824	False	0.41
5	361	4	17401.159	17.401159	False	0.407
5	361	5	15634.424	15.634424	False	0.425
5	361	6	2571.391	2.571391	False	0.425
5	362	1	13934.838	13.934838	False	0.477
5	362	2	2758.459	2.758459	False	0.133
5	362	3	20980.829	20.980829	False	0.422
5	362	4	16847.904	16.847904	False	0.133
5	362	5	2248.262	2.248262	False	0.133
5	362	6	2054.731	2.054731	False	0.133
5	363	1	16411.999	16.411999	False	0.444
5	363	2	16795.165	16.795165	False	0.437
5	363	3	16826.304	16.826304	False	0.484
5	363	4	11415.661	11.415661	False	0.133
5	363	5	18637.316	18.637316	False	0.461
5	363	6	24266.630	24.266630	False	0.466
5	363	7	17664.981	17.664981	False	0.419
5	363	8	4335.571	4.335571	False	0.133
5	364	1	12270.099	12.270099	False	0.133
5	364	2	17557.812	17.557812	False	0.483
5	364	3	16539.581	16.539581	False	0.471
5	364	4	2710.591	2.710591	False	0.133
5	364	5	13096.987	13.096987	False	0.499
5	364	6	20571.551	20.571551	False	0.459
5	364	7	11535.316	11.535316	False	0.133
5	364	8	2107.420	2.107420	False	0.133
5	364	9	12312.835	12.312835	False	0.133
5	364	10	2777.127	2.777127	False	0.133
5	365	1	25004.051	25.004051	False	0.365
5	365	2	20175.026	20.175026	False	0.405
5	365	3	22725.547	22.725547	False	0.425
5	365	4	12775.921	12.775921	False	0.133
5	365	5	17040.361	17.040361	False	0.422
5	365	6	17642.134	17.642134	False	0.401
5	365	7	16367.514	16.367514	False	0.403
5	365	8	19066.781	19.066781	False	0.329
5	366	1	18238.659	18.238659	False	0.449
5	366	2	13564.631	13.564631	True	0.915
5	367	1	15193.575	15.193575	False	0.474
5	367	2	17962.964	17.962964	False	0.462
5	367	3	7910.689	7.910689	False	0.499
5	367	4	3041.277	3.041277	False	0.133
5	367	5	19125.066	19.125066	False	0.389
5	367	6	3672.753	3.672753	False	0.133
5	367	7	16135.714	16.135714	False	0.453
5	367	8	10266.304	10.266304	False	0.133
5	368	1	34770.065	34.770065	True	0.925
5	369	1	9514.200	9.514200	False	0.593
5	369	2	15392.836	15.392836	False	0.596
5	369	3	3005.107	3.005107	False	0.593
5	369	4	9316.575	9.316575	False	0.133
5	369	5	4216.417	4.216417	False	0.593
5	369	6	3554.679	3.554679	False	0.593
5	370	1	18214.873	18.214873	False	0.412
5	370	2	15536.949	15.536949	False	0.133
5	370	3	8463.082	8.463082	False	0.419
5	370	4	22988.096	22.988096	False	0.422
5	370	5	3042.897	3.042897	False	0.419
5	370	6	2795.243	2.795243	False	0.419
5	370	7	4080.441	4.080441	False	0.419
5	370	8	3596.747	3.596747	False	0.419
5	370	9	18809.014	18.809014	False	0.474
5	370	10	18777.996	18.777996	False	0.43
5	370	11	14683.046	14.683046	False	0.419
5	370	12	16424.429	16.424429	False	0.473
5	370	13	4724.651	4.724651	False	0.419
5	370	14	16457.442	16.457442	False	0.45
5	371	1	11528.782	11.528782	False	0.133
5	371	2	11250.925	11.250925	False	0.133
5	371	3	12564.071	12.564071	False	0.133
5	371	4	7893.300	7.893300	False	0.133
5	372	1	2889.368	2.889368	False	0.133
5	372	2	14482.486	14.482486	False	0.133
5	372	3	15359.097	15.359097	False	0.133
5	372	4	1841.815	1.841815	False	0.133
5	373	1	17741.189	17.741189	False	0.473
5	373	2	9029.029	9.029029	False	0.409
5	373	3	13224.407	13.224407	False	0.133
5	373	4	2693.775	2.693775	False	0.409
5	373	5	12292.602	12.292602	True	0.752
5	374	1	30371.274	30.371274	False	0.4
5	374	2	26915.117	26.915117	False	0.406
5	374	3	5491.407	5.491407	False	0.133
5	374	4	11593.029	11.593029	False	0.133
5	374	5	13171.668	13.171668	False	0.463
5	374	6	2297.367	2.297367	False	0.133
5	374	7	22067.167	22.067167	False	0.371
5	374	8	18924.327	18.924327	False	0.463
5	374	9	3832.897	3.832897	False	0.133
5	374	10	8705.101	8.705101	False	0.499
5	374	11	19306.132	19.306132	False	0.485
5	374	12	18510.722	18.510722	False	0.386
5	374	13	28710.744	28.710744	False	0.488
5	374	14	4251.468	4.251468	False	0.133
5	374	15	15840.818	15.840818	False	0.463
5	375	1	19106.302	19.106302	False	0.434
5	375	2	15602.859	15.602859	False	0.434
5	375	3	21283.817	21.283817	False	0.437
5	375	4	24416.629	24.416629	True	0.743
5	376	1	9681.179	9.681179	False	0.425
5	376	2	14887.809	14.887809	False	0.425
5	376	3	15357.058	15.357058	False	0.425
5	376	4	19584.002	19.584002	True	0.806
5	377	1	21804.363	21.804363	False	0.409
5	377	2	2490.752	2.490752	False	0.425
5	377	3	23557.620	23.557620	False	0.447
5	377	4	2389.157	2.389157	False	0.425
5	377	5	24666.525	24.666525	False	0.426
5	377	6	22565.784	22.565784	False	0.382
5	377	7	33095.854	33.095854	False	0.387
5	377	8	15023.074	15.023074	False	0.33
5	378	1	13414.736	13.414736	False	0.443
5	378	2	22075.453	22.075453	False	0.418
5	378	3	22634.453	22.634453	False	0.375
5	378	4	23366.643	23.366643	False	0.418
5	378	5	20159.239	20.159239	False	0.426
5	378	6	7199.786	7.199786	False	0.428
5	379	1	6976.473	6.976473	False	0.341
5	379	2	2694.903	2.694903	False	0.341
5	379	3	1940.724	1.940724	False	0.341
5	379	4	2748.671	2.748671	False	0.341
5	379	5	4482.041	4.482041	False	0.341
5	379	6	2257.751	2.257751	False	0.341
5	380	1	7662.142	7.662142	False	0.337
5	380	2	21494.822	21.494822	False	0.387
5	380	3	18581.226	18.581226	True	0.58
5	381	1	11405.076	11.405076	False	0.133
5	381	2	14979.386	14.979386	True	0.684
5	382	1	15702.006	15.702006	False	0.372
5	382	2	14450.639	14.450639	True	0.681
5	383	1	2942.306	2.942306	False	0.133
5	383	2	2078.245	2.078245	False	0.133
5	383	3	19475.407	19.475407	False	0.454
5	383	4	19499.563	19.499563	False	0.433
5	383	5	18563.461	18.563461	False	0.399
5	383	6	13917.027	13.917027	False	0.133
5	383	7	12180.679	12.180679	False	0.133
5	383	8	14305.591	14.305591	False	0.133
5	384	1	16486.662	16.486662	False	0.454
5	384	2	6181.144	6.181144	True	0.66
5	385	1	9801.570	9.801570	False	0.133
5	385	2	2448.004	2.448004	False	0.133
5	385	3	2404.717	2.404717	False	0.133
5	385	4	27307.916	27.307916	False	0.133
5	386	1	23554.234	23.554234	False	0.429
5	386	2	17316.818	17.316818	False	0.523
5	386	3	27126.560	27.126560	False	0.517
5	386	4	18981.735	18.981735	False	0.536
5	386	5	13006.871	13.006871	False	0.133
5	386	6	21260.902	21.260902	False	0.496
5	386	7	13601.484	13.601484	False	0.133
5	386	8	12300.434	12.300434	False	0.133
5	386	9	15304.408	15.304408	True	0.847
5	387	1	24395.978	24.395978	False	0.453
5	387	2	3254.446	3.254446	False	0.133
5	387	3	12439.026	12.439026	False	0.133
5	387	4	2042.905	2.042905	False	0.133
5	387	5	2524.853	2.524853	False	0.133
5	388	1	17100.070	17.100070	True	0.753
5	389	1	3029.058	3.029058	False	0.133
5	389	2	2671.183	2.671183	False	0.133
5	389	3	11448.883	11.448883	False	0.133
5	389	4	17805.539	17.805539	False	0.428
5	389	5	20140.277	20.140277	False	0.386
5	389	6	27294.235	27.294235	False	0.427
5	389	7	15902.106	15.902106	False	0.473
5	389	8	2954.404	2.954404	False	0.133
5	389	9	3517.442	3.517442	False	0.133
5	389	10	2200.131	2.200131	False	0.133
5	389	11	17675.850	17.675850	False	0.488
5	389	12	13702.248	13.702248	False	0.133
5	389	13	2440.474	2.440474	False	0.133
5	389	14	19476.762	19.476762	False	0.133
5	389	15	2571.597	2.571597	False	0.133
5	390	1	15852.423	15.852423	False	0.133
5	390	2	18361.065	18.361065	False	0.417
5	390	3	21935.994	21.935994	False	0.423
5	390	4	18327.997	18.327997	False	0.413
5	390	5	19349.703	19.349703	False	0.421
5	390	6	3399.305	3.399305	False	0.133
5	390	7	15821.311	15.821311	False	0.369
5	391	1	14873.961	14.873961	False	0.393
5	391	2	17216.535	17.216535	False	0.464
5	391	3	12032.245	12.032245	False	0.133
5	391	4	14832.239	14.832239	False	0.133
5	391	5	20682.561	20.682561	False	0.417
5	391	6	21301.172	21.301172	False	0.469
5	391	7	2216.487	2.216487	False	0.133
5	392	1	2050.369	2.050369	False	0.133
5	392	2	23905.446	23.905446	False	0.42
5	392	3	21198.503	21.198503	False	0.389
5	392	4	22332.144	22.332144	False	0.445
5	392	5	17039.859	17.039859	False	0.423
5	392	6	16955.878	16.955878	False	0.399
5	392	7	12143.223	12.143223	False	0.133
5	392	8	18658.744	18.658744	False	0.453
5	392	9	13687.577	13.687577	False	0.424
5	393	1	8871.707	8.871707	False	0.428
5	393	2	20676.525	20.676525	False	0.445
5	393	3	16080.025	16.080025	False	0.133
5	393	4	3410.338	3.410338	False	0.428
5	393	5	18259.827	18.259827	False	0.475
5	393	6	13087.861	13.087861	False	0.435
5	393	7	15537.436	15.537436	False	0.425
5	393	8	2649.892	2.649892	False	0.428
5	393	9	13014.293	13.014293	False	0.396
5	393	10	24952.424	24.952424	False	0.395
5	394	1	5513.460	5.513460	False	0.133
5	394	2	4607.333	4.607333	False	0.133
5	394	3	42860.900	42.860900	True	0.63
5	395	1	17071.052	17.071052	False	0.41
5	395	2	8040.212	8.040212	False	0.438
5	395	3	17978.245	17.978245	False	0.419
5	395	4	2835.637	2.835637	False	0.438
5	395	5	1751.087	1.751087	False	0.438
5	395	6	15136.392	15.136392	False	0.42
5	395	7	3501.666	3.501666	False	0.438
5	396	1	19030.809	19.030809	False	0.515
5	396	2	19677.882	19.677882	False	0.438
5	396	3	22845.938	22.845938	False	0.402
5	396	4	4920.739	4.920739	False	0.439
5	396	5	21324.005	21.324005	False	0.468
5	396	6	14928.755	14.928755	False	0.426
5	397	1	21963.348	21.963348	False	0.482
5	397	2	15047.427	15.047427	False	0.479
5	397	3	9995.106	9.995106	False	0.443
5	397	4	2455.439	2.455439	False	0.443
5	397	5	11299.161	11.299161	False	0.443
5	397	6	3238.541	3.238541	False	0.443
5	398	1	16742.748	16.742748	False	0.489
5	398	2	15612.543	15.612543	False	0.412
5	398	3	29888.366	29.888366	False	0.399
5	398	4	8091.266	8.091266	False	0.439
5	398	5	8847.457	8.847457	False	0.412
5	398	6	13660.595	13.660595	False	0.406
5	399	1	2946.005	2.946005	False	0.133
5	399	2	2912.363	2.912363	False	0.133
5	399	3	2206.415	2.206415	False	0.133
5	399	4	1487.798	1.487798	False	0.133
